1.00619 536
1.0133 1072
1.02128 1608
1.02925 2144
1.03628 2680
1.03817 3216
1.04426 3752
1.04614 4288
1.04803 4824
1.05223 5360
1.05412 5896
1.05601 6432
1.05789 6968
1.05978 7504
1.06092 8040
1.06397 8576
1.06563 9112
1.07197 9648
1.07999 1072
1.09405 1340
1.10202 1554
1.11 1738
1.11797 1903
1.125 2053
1.13203 2192
1.13906 2323
1.14095 2446
1.14704 2563
1.14892 2675
1.15501 2782
1.1569 2885
1.16299 2984
1.16487 3080
1.17002 3173
1.1719 3263
1.17705 3351
1.17893 3436
1.18082 3519
1.18502 3600
1.18691 3679
1.1888 3757
1.193 3833
1.19488 3907
1.19677 3980
1.20003 4052
1.20191 4122
1.20378 4191
1.20797 4259
1.21599 1072
1.23005 1340
1.25212 1072
1.26618 1340
1.27416 1554
1.28213 1738
1.29011 1903
1.29714 2053
1.30417 2192
1.3112 2323
1.31308 2446
1.31917 2563
1.32106 2675
1.32715 2782
1.32903 2885
1.33512 2984
1.33701 3080
1.34215 3173
1.34404 3263
1.34918 3351
1.35107 3436
1.35296 3519
1.35716 3600
1.35904 3679
1.36093 3757
1.36513 3833
1.36702 3907
1.36891 3980
1.37216 4052
1.37405 4122
1.37594 4191
1.37919 4259
1.38108 4326
1.38297 4392
1.38622 4457
1.38811 4521
1.39 4584
1.39188 4646
1.3942 4707
1.39608 4768
1.39797 4828
1.39908 4887
1.40123 4945
1.40703 5003
1.40892 5060
1.41503 5116
1.41692 5172
1.42303 5227
1.42492 5281
1.43103 5335
1.43292 5388
1.43903 5441
1.44092 5493
1.44703 5545
1.44892 5596
1.45503 5647
1.45692 5697
1.46303 5747
1.46492 5796
1.47103 5845
1.47292 5894
1.47903 5942
1.48092 5990
1.48703 6037
1.48892 6084
1.49503 6131
1.49692 6177
1.50303 6223
1.50492 6269
1.51103 6314
1.51292 6359
1.51903 6404
1.52092 6448
1.52703 6492
1.52892 6536
1.53503 6579
1.53692 6622
1.54303 6665
1.54492 6708
1.55103 6750
1.55292 6792
1.55903 6834
1.56092 6876
1.56703 6917
1.56892 6958
1.57503 6999
1.57692 7040
1.58303 7080
1.58492 7120
1.59103 7160
1.59292 7200
1.59903 7239
1.60092 7278
1.60703 7317
1.60892 7356
1.61503 7395
1.61692 7433
1.62303 7471
1.62492 7509
1.63103 7547
1.63292 7585
1.63903 7622
1.64092 7659
1.64703 7696
1.64892 7733
1.65503 7770
1.65692 7806
1.66303 7842
1.66492 7878
1.67103 7914
1.67292 7950
1.67903 7986
1.68092 8021
1.68703 8056
1.68892 8091
1.69503 8126
1.69692 8161
1.70303 8196
1.70492 8231
1.71103 8265
1.71292 8299
1.71903 8333
1.72092 8367
1.72703 8401
1.72892 8435
1.73503 8469
1.73692 8502
1.74303 8535
1.74492 8568
1.75103 8601
1.75292 8634
1.76706 1072
1.78349 1340
1.79146 1554
1.79944 1738
1.80741 1903
1.8154 2053
1.82339 1072
1.83746 1340
1.84543 1554
1.85341 1738
1.86138 1903
1.86841 2053
1.87544 2192
1.88247 2323
1.88436 2446
1.89045 2563
1.89234 2675
1.89842 2782
1.90031 2885
1.9064 2984
1.90828 3080
1.91343 3173
1.91532 3263
1.92046 3351
1.92235 3436
1.92423 3519
1.92843 3600
1.93032 3679
1.93221 3757
1.93641 3833
1.93829 3907
1.94018 3980
1.94344 4052
1.94532 4122
1.94721 4191
1.95047 4259
1.95236 4326
1.95424 4392
1.9575 4457
1.95939 4521
1.96127 4584
1.96316 4646
1.96547 4707
1.96736 4768
1.96925 4828
1.97114 4887
1.97283 4945
1.97597 5003
1.97763 5060
1.98397 5116
1.98563 5172
1.99197 5227
1.99363 5281
1.99997 5335
2.00163 5388
2.00797 5441
2.00963 5493
2.01597 5545
2.01763 5596
2.02397 5647
2.02563 5697
2.03197 5747
2.03363 5796
2.03997 5845
2.04163 5894
2.04797 5942
2.04963 5990
2.05597 6037
2.05763 6084
2.06397 6131
2.06563 6177
2.07197 6223
2.07363 6269
2.07997 6314
2.08163 6359
2.08797 6404
2.08963 6448
2.09597 6492
2.09763 6536
2.10397 6579
2.10563 6622
2.11197 6665
2.11363 6708
2.11997 6750
2.12163 6792
2.12797 6834
2.12963 6876
2.13597 6917
2.13763 6958
2.14397 6999
2.14563 7040
2.15197 7080
2.15363 7120
2.15997 7160
2.16163 7200
2.16797 7239
2.16963 7278
2.17597 7317
2.17763 7356
2.18397 7395
2.18563 7433
2.19197 7471
2.19363 7509
2.19997 7547
2.20163 7585
2.20797 7622
2.20963 7659
2.21597 7696
2.21763 7733
2.22397 7770
2.22563 7806
2.23197 7842
2.23363 7878
2.23997 7914
2.24163 7950
2.24797 7986
2.24963 8021
2.25597 8056
2.25763 8091
2.26397 8126
2.26563 8161
2.27197 8196
2.27363 8231
2.27997 8265
2.28163 8299
2.28797 8333
2.28963 8367
2.29597 8401
2.29763 8435
2.30397 8469
2.30563 8502
2.31197 8535
2.31363 8568
2.31997 8601
2.32163 8634
2.32797 8667
2.32963 8700
2.33597 8733
2.33763 8765
2.34397 8797
2.34563 8829
2.35197 8861
2.35363 8893
2.35997 8925
2.36163 8957
2.36797 8989
2.36963 9020
2.37597 9051
2.37763 9082
2.38397 9113
2.38563 9144
2.39197 9175
2.39363 9206
2.39997 9237
2.40163 9268
2.40797 9298
2.40963 9328
2.41597 9358
2.41763 9388
2.42397 9418
2.42563 9448
2.43197 9478
2.43363 9508
2.43997 9538
2.44163 9568
2.44797 9598
2.44963 9627
2.45597 9656
2.45763 9685
2.46397 9714
2.46563 9743
2.47197 9772
2.47363 9801
2.47997 9830
2.48163 9859
2.48797 9888
2.48963 9917
2.49597 9945
2.49763 9973
2.50397 10001
2.50563 10029
2.51197 10057
2.51363 10085
2.51997 10113
2.52163 10141
2.52797 10169
2.52963 10197
2.53597 10225
2.53763 10253
2.54397 10281
2.54563 10308
2.55197 10335
2.55363 10362
2.55997 10389
2.56163 10416
2.56797 10443
2.56963 10470
2.57597 10497
2.57763 10524
2.58397 10551
2.58563 10578
2.59197 10605
2.59363 10632
2.59997 10659
2.60163 10685
2.60797 10711
2.60963 10737
2.61597 10763
2.61763 10789
2.62397 10815
2.62563 10841
2.63197 10867
2.63363 10893
2.63997 10919
2.64163 10945
2.64797 10971
2.64963 10997
2.65597 11023
2.65763 11049
2.66397 11075
2.66563 11100
2.67197 11125
2.67363 11150
2.67997 11175
2.68163 11200
2.68797 11225
2.68963 11250
2.69597 11275
2.69763 11300
2.70397 11325
2.70563 11350
2.71197 11375
2.71363 11400
2.71997 11425
2.72163 11450
2.72797 11475
2.72963 11500
2.73597 11524
2.73763 11548
2.74397 11572
2.74563 11596
2.75197 11620
2.75363 11644
2.75997 11668
2.76163 11692
2.76797 11716
2.76963 11740
2.77597 11764
2.77763 11788
2.78397 11812
2.78563 11836
2.79197 11860
2.79363 11884
2.79997 11908
2.80163 11932
2.80797 11956
2.80963 11980
2.81597 12003
2.81763 12026
2.82397 12049
2.82563 12072
2.83197 12095
2.83363 12118
2.83997 12141
2.84163 12164
2.84797 12187
2.84963 12210
2.85597 12233
2.85763 12256
2.86397 12279
2.86563 12302
2.87197 12325
2.87363 12348
2.87997 12371
2.88163 12394
2.88797 12417
2.88963 12440
2.89597 12463
2.89763 12486
2.90397 12509
2.90563 12531
2.91197 12553
2.91363 12575
2.91997 12597
2.92163 12619
2.92797 12641
2.92963 12663
2.93597 12685
2.93763 12707
2.94397 12729
2.94563 12751
2.95197 12773
2.95363 12795
2.95997 12817
2.96163 12839
2.96797 12861
2.96963 12883
2.97597 12905
2.97763 12927
2.98397 12949
2.98563 12971
2.99197 12993
2.99363 13015
2.99997 13037
3.00163 13059
3.00797 13080
3.00963 13101
3.01597 13122
3.01763 13143
3.02397 13164
3.02563 13185
3.03197 13206
3.03363 13227
3.03997 13248
3.04163 13269
3.04797 13290
3.04963 13311
3.05597 13332
3.05763 13353
3.06397 13374
3.06563 13395
3.07197 13416
3.07363 13437
3.07997 13458
3.08163 13479
3.08797 13500
3.08963 13521
3.09597 13542
3.09763 13563
3.10397 13584
3.10563 13605
3.11197 13626
3.11363 13647
3.11997 13668
3.12163 13689
3.12797 13709
3.12963 13729
3.13597 13749
3.13763 13769
3.14397 13789
3.14563 13809
3.15197 13829
3.15363 13849
3.15997 13869
3.16163 13889
3.16797 13909
3.16963 13929
3.17597 13949
3.17763 13969
3.18397 13989
3.18563 14009
3.19197 14029
3.19363 14049
3.19997 14069
3.20163 14089
3.20797 14109
3.20963 14129
3.21597 14149
3.21763 14169
3.22397 14189
3.22563 14209
3.23197 14229
3.23363 14249
3.23997 14269
3.24163 14289
3.24797 14309
3.24963 14329
3.25597 14349
3.25763 14369
3.26397 14388
3.26563 14407
3.27197 14426
3.27363 14445
3.27997 14464
3.28163 14483
3.28797 14502
3.28963 14521
3.29597 14540
3.29763 14559
3.30397 14578
3.30563 14597
3.31197 14616
3.31363 14635
3.31997 14654
3.32163 14673
3.32797 14692
3.32963 14711
3.33597 14730
3.33763 14749
3.34564 1072
3.36162 1340
3.36959 1554
3.37757 1738
3.38554 1903
3.39257 2053
3.3996 2192
3.40663 2323
3.40852 2446
3.41461 2563
3.4165 2675
3.42258 2782
3.42447 2885
3.43056 2984
3.43244 3080
3.43759 3173
3.43948 3263
3.44462 3351
3.44651 3436
3.44839 3519
3.45259 3600
3.45448 3679
3.45637 3757
3.46057 3833
3.46245 3907
3.46392 3980
3.4676 4052
3.47103 4122
3.47292 4191
3.47903 4259
3.48092 4326
3.48703 4392
3.48892 4457
3.49503 4521
3.49692 4584
3.50303 4646
3.50492 4707
3.51103 4768
3.51292 4828
3.51903 4887
3.52092 4945
3.52703 5003
3.52892 5060
3.53503 5116
3.53692 5172
3.54303 5227
3.54492 5281
3.55103 5335
3.55292 5388
3.55903 5441
3.56092 5493
3.56703 5545
3.56892 5596
3.57503 5647
3.57692 5697
3.58303 5747
3.58492 5796
3.59103 5845
3.59292 5894
3.59903 5942
3.60092 5990
3.60703 6037
3.60892 6084
3.61503 6131
3.61692 6177
3.62303 6223
3.62492 6269
3.63103 6314
3.63292 6359
3.63903 6404
3.64092 6448
3.64703 6492
3.64892 6536
3.65503 6579
3.65692 6622
3.66493 1196
3.68162 1436
3.68959 1636
3.69757 1811
3.7046 1969
3.71163 2114
3.71866 2249
3.72569 2376
3.72758 2496
3.73366 2611
3.73555 2721
3.74164 2826
3.74353 2927
3.74867 3025
3.75056 3119
3.7557 3211
3.75759 3300
3.76273 3387
3.76462 3471
3.76651 3553
3.7707 3633
3.77259 3712
3.77448 3789
3.77868 3864
3.78057 3938
3.78303 4010
3.78571 4081
3.79103 4151
3.79292 4220
3.79903 4288
3.80092 4355
3.80703 4420
3.80892 4484
3.81503 4548
3.81692 4611
3.82303 4673
3.82492 4734
3.83103 4794
3.83292 4853
3.83903 4912
3.84092 4970
3.84703 5027
3.84892 5084
3.85503 5140
3.85692 5195
3.86303 5250
3.86492 5304
3.87103 5358
3.87292 5411
3.87903 5464
3.88092 5516
3.88703 5568
3.88892 5619
3.89503 5670
3.89692 5720
3.90303 5770
3.90492 5819
3.91103 5868
3.91292 5916
3.91903 5964
3.92092 6012
3.92703 6059
3.92892 6106
3.93503 6153
3.93692 6199
3.94303 6245
3.94492 6291
3.95103 6336
3.95292 6381
3.95903 6426
3.96092 6470
3.96703 6514
3.96892 6558
3.97503 6601
3.97692 6644
3.98303 6687
3.98492 6729
3.99103 6771
3.99292 6813
3.99903 6855
4.00092 6896
4.00703 6937
4.00892 6978
4.01503 7019
4.01692 7059
4.02303 7099
4.02492 7139
4.03103 7179
4.03292 7219
4.03903 7258
4.04092 7297
4.04703 7336
4.04892 7375
4.05503 7413
4.05692 7451
4.06303 7489
4.06492 7527
4.07103 7565
4.07292 7602
4.07903 7639
4.08092 7676
4.08703 7713
4.08892 7750
4.09503 7787
4.09692 7823
4.10303 7859
4.11104 1072
4.15326 1340
4.16124 1554
4.16921 1738
4.17719 1903
4.18422 2053
4.19125 2192
4.19828 2323
4.20017 2446
4.20625 2563
4.20814 2675
4.21423 2782
4.21612 2885
4.2222 2984
4.22409 3080
4.22923 3173
4.23112 3263
4.23626 3351
4.23815 3436
4.24004 3519
4.24424 3600
4.24612 3679
4.24801 3757
4.25221 3833
4.2541 3907
4.25599 3980
4.25924 4052
4.26113 4122
4.26302 4191
4.26627 4259
4.26816 4326
4.27005 4392
4.2733 4457
4.27519 4521
4.27708 4584
4.27897 4646
4.28128 4707
4.28316 4768
4.28703 4828
4.28892 4887
4.29503 4945
4.29692 5003
4.30303 5060
4.30492 5116
4.31103 5172
4.31292 5227
4.31903 5281
4.32092 5335
4.32703 5388
4.32892 5441
4.33503 5493
4.33692 5545
4.34303 5596
4.34492 5647
4.35103 5697
4.35292 5747
4.35903 5796
4.36092 5845
4.36703 5894
4.36892 5942
4.37503 5990
4.37692 6037
4.38303 6084
4.38492 6131
4.39103 6177
4.39292 6223
4.39903 6269
4.40092 6314
4.40703 6359
4.40892 6404
4.41503 6448
4.41692 6492
4.42303 6536
4.42492 6579
4.43103 6622
4.43292 6665
4.43903 6708
4.44092 6750
4.44703 6792
4.44892 6834
4.45503 6876
4.45692 6917
4.46303 6958
4.46492 6999
4.47103 7040
4.47292 7080
4.47903 7120
4.48092 7160
4.48703 7200
4.48964 7239
4.49599 1072
4.51005 1340
4.51802 1554
4.526 1738
4.53397 1903
4.541 2053
4.54803 2192
4.55506 2323
4.55695 2446
4.56304 2563
4.56492 2675
4.57101 2782
4.5729 2885
4.57899 2984
4.58087 3080
4.58602 3173
4.5879 3263
4.59305 3351
4.59493 3436
4.59682 3519
4.60102 3600
4.60291 3679
4.6048 3757
4.609 3833
4.61088 3907
4.61277 3980
4.61603 4052
4.61791 4122
4.61978 4191
4.62397 4259
4.62563 4326
4.63197 4392
4.63363 4457
4.63997 4521
4.64163 4584
4.64797 4646
4.64963 4707
4.65597 4768
4.65763 4828
4.66397 4887
4.66563 4945
4.67197 5003
4.67363 5060
4.67997 5116
4.68163 5172
4.68797 5227
4.68963 5281
4.69597 5335
4.69763 5388
4.70397 5441
4.70563 5493
4.71197 5545
4.71363 5596
4.71997 5647
4.72163 5697
4.72797 5747
4.72963 5796
4.73597 5845
4.73763 5894
4.74397 5942
4.74563 5990
4.75197 6037
4.75363 6084
4.75997 6131
4.76163 6177
4.76797 6223
4.76963 6269
4.77597 6314
4.77763 6359
4.78397 6404
4.78563 6448
4.79197 6492
4.79363 6536
4.79997 6579
4.80163 6622
4.80797 6665
4.80963 6708
4.81597 6750
4.81763 6792
4.82397 6834
4.82563 6876
4.83197 6917
4.83363 6958
4.83997 6999
4.84163 7040
4.84797 7080
4.84963 7120
4.85597 7160
4.85763 7200
4.86397 7239
4.86563 7278
4.87197 7317
4.87363 7356
4.87997 7395
4.88163 7433
4.88797 7471
4.88963 7509
4.89597 7547
4.89763 7585
4.90397 7622
4.90563 7659
4.91197 7696
4.91363 7733
4.91997 7770
4.92163 7806
4.92797 7842
4.92963 7878
4.93597 7914
4.93763 7950
4.94397 7986
4.94563 8021
4.95197 8056
4.95363 8091
4.95997 8126
4.96163 8161
4.96797 8196
4.96963 8231
4.97597 8265
4.97763 8299
4.98397 8333
4.98563 8367
4.99197 8401
4.99363 8435
4.99997 8469
5.00163 8502
5.00797 8535
5.00963 8568
5.01597 8601
5.01763 8634
5.02397 8667
5.02563 8700
5.03197 8733
5.03363 8765
5.03997 8797
5.04163 8829
5.04797 8861
5.04963 8893
5.05597 8925
5.05763 8957
5.06397 8989
5.06563 9020
5.07197 9051
5.07363 9082
5.07997 9113
5.08163 9144
5.08797 9175
5.08963 9206
5.09597 9237
5.09763 9268
5.10397 9298
5.10563 9328
5.11197 9358
5.11363 9388
5.11997 9418
5.12799 1072
5.14205 1340
5.15002 1554
5.158 1738
5.16597 1903
5.173 2053
5.18003 2192
5.18706 2323
5.18895 2446
5.19504 2563
5.19692 2675
5.20301 2782
5.2049 2885
5.21099 2984
5.21287 3080
5.21802 3173
5.2199 3263
5.22505 3351
5.22693 3436
5.22882 3519
5.23302 3600
5.23491 3679
5.2368 3757
5.241 3833
5.24288 3907
5.24477 3980
5.24803 4052
5.24991 4122
5.25178 4191
5.25597 4259
5.25763 4326
5.26397 4392
5.26563 4457
5.27197 4521
5.27363 4584
5.27997 4646
5.28163 4707
5.28797 4768
5.28963 4828
5.29597 4887
5.29763 4945
5.30397 5003
5.30563 5060
5.31197 5116
5.31363 5172
5.31997 5227
5.32163 5281
5.32797 5335
5.32963 5388
5.33597 5441
5.33763 5493
5.34397 5545
5.34563 5596
5.35197 5647
5.35363 5697
5.35997 5747
5.36163 5796
5.36797 5845
5.36963 5894
5.37597 5942
5.37763 5990
5.38397 6037
5.38563 6084
5.39197 6131
5.39363 6177
5.39997 6223
5.40163 6269
5.40797 6314
5.40963 6359
5.41597 6404
5.41763 6448
5.42397 6492
5.42563 6536
5.43197 6579
5.43363 6622
5.43997 6665
5.44163 6708
5.44797 6750
5.44963 6792
5.45597 6834
5.45763 6876
5.46397 6917
5.46563 6958
5.47197 6999
5.47363 7040
5.47997 7080
5.48163 7120
5.48797 7160
5.48963 7200
5.49597 7239
5.49763 7278
5.50397 7317
5.50563 7356
5.51197 7395
5.51363 7433
5.51997 7471
5.52163 7509
5.52797 7547
5.52963 7585
5.53597 7622
5.53763 7659
5.54397 7696
5.54563 7733
5.55197 7770
5.55363 7806
5.55997 7842
5.56163 7878
5.56797 7914
5.56963 7950
5.57597 7986
5.57763 8021
5.58397 8056
5.58563 8091
5.59197 8126
5.59363 8161
5.59997 8196
5.60163 8231
5.60797 8265
5.60963 8299
5.61597 8333
5.61763 8367
5.62397 8401
5.62563 8435
5.63197 8469
5.63363 8502
5.63997 8535
5.64163 8568
5.64797 8601
5.64963 8634
5.65597 8667
5.65763 8700
5.66397 8733
5.66563 8765
5.67197 8797
5.67363 8829
5.67997 8861
5.68163 8893
5.68797 8925
5.68963 8957
5.69597 8989
5.69763 9020
5.70397 9051
5.70563 9082
5.71197 9113
5.71363 9144
5.71997 9175
5.72163 9206
5.72797 9237
5.72963 9268
5.73597 9298
5.73763 9328
5.74397 9358
5.74563 9388
5.75197 9418
5.75363 9448
5.75997 9478
5.76163 9508
5.76797 9538
5.76963 9568
5.77597 9598
5.77763 9627
5.78397 9656
5.78563 9685
5.79197 9714
5.79363 9743
5.79997 9772
5.80163 9801
5.80797 9830
5.80963 9859
5.81597 9888
5.81763 9917
5.82397 9945
5.82563 9973
5.83197 10001
5.83363 10029
5.83997 10057
5.84163 10085
5.84797 10113
5.84963 10141
5.85597 10169
5.85763 10197
5.86397 10225
5.86563 10253
5.87197 10281
5.87363 10308
5.87997 10335
5.88163 10362
5.88797 10389
5.88963 10416
5.89597 10443
5.89763 10470
5.90397 10497
5.90563 10524
5.91197 10551
5.91363 10578
5.91997 10605
5.92163 10632
5.92797 10659
5.92963 10685
5.93597 10711
5.93763 10737
5.94397 10763
5.94563 10789
5.95197 10815
5.95363 10841
5.95997 10867
5.96799 1072
5.98205 1340
5.99002 1554
5.998 1738
6.00597 1903
6.013 2053
6.02003 2192
6.02706 2323
6.02895 2446
6.03504 2563
6.03692 2675
6.04301 2782
6.0449 2885
6.05099 2984
6.05287 3080
6.05802 3173
6.0599 3263
6.06505 3351
6.06693 3436
6.06882 3519
6.07302 3600
6.07491 3679
6.0768 3757
6.081 3833
6.08288 3907
6.08477 3980
6.08803 4052
6.08991 4122
6.09178 4191
6.09597 4259
6.09763 4326
6.10397 4392
6.10563 4457
6.11197 4521
6.11363 4584
6.11997 4646
6.12163 4707
6.12797 4768
6.12963 4828
6.13597 4887
6.13763 4945
6.14397 5003
6.14563 5060
6.15197 5116
6.15363 5172
6.15997 5227
6.16799 1072
6.18205 1340
6.19002 1554
6.198 1738
6.20597 1903
6.213 2053
6.22003 2192
6.22706 2323
6.22895 2446
6.23504 2563
6.23692 2675
6.24301 2782
6.2449 2885
6.25099 2984
6.25803 1072
6.27209 1340
6.28006 1554
6.28804 1738
6.29601 1903
6.30304 2053
6.31007 2192
6.3171 2323
6.31899 2446
6.32508 2563
6.32697 2675
6.33305 2782
6.33494 2885
6.34103 2984
6.34292 3080
6.34806 3173
6.34995 3263
6.35699 1072
6.37106 1340
6.37904 1554
6.38701 1738
6.39499 1903
6.40202 2053
6.40905 2192
6.41608 2323
6.41796 2446
6.42405 2563
6.42594 2675
6.43203 2782
6.43391 2885
6.44 2984
6.44189 3080
6.44703 3173
6.44892 3263
6.45406 3351
6.45595 3436
6.45784 3519
6.46204 3600
6.46392 3679
6.46581 3757
6.47001 3833
6.4719 3907
6.47379 3980
6.47704 4052
6.47893 4122
6.48082 4191
6.48407 4259
6.48596 4326
6.48785 4392
6.4911 4457
6.49299 4521
6.49488 4584
6.49676 4646
6.49908 4707
6.50096 4768
6.50285 4828
6.50474 4887
6.50705 4945
6.50894 5003
6.51058 5060
6.51247 5116
6.51413 5172
6.51997 5227
6.52163 5281
6.52797 5335
6.52963 5388
6.53597 5441
6.53763 5493
6.54397 5545
6.54563 5596
6.55197 5647
6.55363 5697
6.55997 5747
6.56163 5796
6.56797 5845
6.56963 5894
6.57597 5942
6.57763 5990
6.58397 6037
6.58563 6084
6.59197 6131
6.59363 6177
6.59997 6223
6.60163 6269
6.60797 6314
6.60963 6359
6.61597 6404
6.61763 6448
6.62397 6492
6.62563 6536
6.63197 6579
6.63363 6622
6.63997 6665
6.64163 6708
6.64797 6750
6.64963 6792
6.65597 6834
6.65763 6876
6.66397 6917
6.66563 6958
6.67197 6999
6.67363 7040
6.67997 7080
6.68163 7120
6.68797 7160
6.68963 7200
6.69597 7239
6.69763 7278
6.70397 7317
6.70563 7356
6.71197 7395
6.71363 7433
6.71997 7471
6.72163 7509
6.72797 7547
6.72963 7585
6.73597 7622
6.73763 7659
6.74397 7696
6.74563 7733
6.75197 7770
6.75363 7806
6.75997 7842
6.76163 7878
6.76797 7914
6.76963 7950
6.77597 7986
6.77763 8021
6.78397 8056
6.78563 8091
6.79197 8126
6.79363 8161
6.79997 8196
6.80163 8231
6.80797 8265
6.80963 8299
6.81597 8333
6.81763 8367
6.82397 8401
6.82563 8435
6.83197 8469
6.83363 8502
6.83997 8535
6.84163 8568
6.84797 8601
6.84963 8634
6.85597 8667
6.85763 8700
6.86397 8733
6.86563 8765
6.87197 8797
6.87363 8829
6.87997 8861
6.88163 8893
6.88797 8925
6.88963 8957
6.89597 8989
6.89763 9020
6.90397 9051
6.90563 9082
6.91197 9113
6.91363 9144
6.91997 9175
6.92163 9206
6.92797 9237
6.92963 9268
6.93597 9298
6.93763 9328
6.94564 1072
6.96162 1340
6.96959 1554
6.97757 1738
6.98554 1903
6.99257 2053
6.9996 2192
7.00663 2323
7.00852 2446
7.01651 1072
7.03058 1340
7.03856 1554
7.04653 1738
7.05451 1903
7.06154 2053
7.06857 2192
7.0756 2323
7.07748 2446
7.08357 2563
7.08546 2675
7.09155 2782
7.09343 2885
7.09952 2984
7.10752 1072
7.12348 1340
7.13146 1554
7.13943 1738
7.1474 1903
7.15444 2053
7.16147 2192
7.1685 2323
7.17038 2446
7.17647 2563
7.17836 2675
7.18444 2782
7.18633 2885
7.19242 2984
7.19431 3080
7.19945 3173
7.20134 3263
7.20648 3351
7.20837 3436
7.21026 3519
7.21445 3600
7.21634 3679
7.21823 3757
7.22243 3833
7.22432 3907
7.2262 3980
7.22946 4052
7.23135 4122
7.23324 4191
7.23649 4259
7.23838 4326
7.24027 4392
7.24352 4457
7.24541 4521
7.2473 4584
7.24918 4646
7.25149 4707
7.25338 4768
7.25527 4828
7.25716 4887
7.25947 4945
7.26136 5003
7.26324 5060
7.26513 5116
7.26702 5172
7.26891 5227
7.27103 5281
7.27292 5335
7.27903 5388
7.28092 5441
7.28703 5493
7.28892 5545
7.29503 5596
7.29692 5647
7.30303 5697
7.30492 5747
7.31103 5796
7.31292 5845
7.31903 5894
7.32092 5942
7.32703 5990
7.32892 6037
7.33503 6084
7.33692 6131
7.34303 6177
7.34492 6223
7.35103 6269
7.35292 6314
7.35903 6359
7.36092 6404
7.36703 6448
7.36892 6492
7.37503 6536
7.37692 6579
7.38303 6622
7.38492 6665
7.39103 6708
7.39292 6750
7.39903 6792
7.40092 6834
7.40703 6876
7.40892 6917
7.41503 6958
7.41764 6999
7.42399 1072
7.63268 1340
7.6538 1072
7.66787 1340
7.67584 1554
7.68381 1738
7.69179 1903
7.69882 2053
7.70585 2192
7.71288 2323
7.71477 2446
7.72085 2563
7.72274 2675
7.72883 2782
7.73072 2885
7.7368 2984
7.73869 3080
7.74383 3173
7.75088 1072
7.76494 1340
7.77291 1554
7.78089 1738
7.78886 1903
7.79589 2053
7.80292 2192
7.80995 2323
7.81184 2446
7.81793 2563
7.81981 2675
7.8259 2782
7.82779 2885
7.83388 2984
7.83576 3080
7.84091 3173
7.84279 3263
7.84794 3351
7.84982 3436
7.85171 3519
7.85591 3600
7.8578 3679
7.85969 3757
7.86388 3833
7.86577 3907
7.86766 3980
7.87092 4052
7.8728 4122
7.87469 4191
7.87795 4259
7.87983 4326
7.88172 4392
7.88498 4457
7.88686 4521
7.88875 4584
7.89064 4646
7.89295 4707
7.89484 4768
7.89673 4828
7.89861 4887
7.90092 4945
7.90281 5003
7.9047 5060
7.90659 5116
7.90848 5172
7.91036 5227
7.91225 5281
7.91414 5335
7.91603 5388
7.91792 5441
7.9198 5493
7.92169 5545
7.92358 5596
7.92547 5647
7.92736 5697
7.92924 5747
7.93113 5796
7.93302 5845
7.93491 5894
7.9368 5942
7.93868 5990
7.94057 6037
7.94246 6084
7.94435 6131
7.94624 6177
7.94812 6223
7.95001 6269
7.9519 6314
7.95379 6359
7.95568 6404
7.95756 6448
7.95945 6492
7.96134 6536
7.96323 6579
7.96512 6622
7.967 6665
7.96889 6708
7.97078 6750
7.97267 6792
7.97456 6834
7.97644 6876
7.97833 6917
7.98022 6958
7.98211 6999
7.984 7040
7.98588 7080
7.98777 7120
7.98966 7160
7.99155 7200
7.99344 7239
7.99532 7278
7.99721 7317
7.9991 7356
8.00099 7395
8.00288 7433
8.00476 7471
8.00665 7509
8.00854 7547
8.01043 7585
8.01232 7622
8.0142 7659
8.01609 7696
8.01798 7733
8.01987 7770
8.02176 7806
8.02364 7842
8.02553 7878
8.02742 7914
8.02931 7950
8.0312 7986
8.03308 8021
8.03497 8056
8.03686 8091
8.03875 8126
8.04064 8161
8.04252 8196
8.04441 8231
8.0463 8265
8.04819 8299
8.05008 8333
8.05196 8367
8.05481 8401
8.0567 3084
8.07212 3177
8.07378 3267
8.07997 3354
8.08163 3439
8.08797 3522
8.08963 3603
8.09597 3682
8.09763 3760
8.10397 3836
8.10563 3910
8.11197 3983
8.11363 4055
8.11997 4125
8.12163 4194
8.12797 4262
8.12963 4329
8.13597 4395
8.13763 4460
8.14397 4524
8.14563 4587
8.15197 4649
8.15363 4710
8.15997 4770
8.16163 4830
8.16797 4889
8.16963 4947
8.17597 5005
8.17763 5062
8.18397 5118
8.18563 5174
8.19197 5229
8.19363 5283
8.19997 5337
8.20163 5390
8.20797 5443
8.20963 5495
8.21597 5547
8.21763 5598
8.22397 5649
8.22563 5699
8.23197 5749
8.23363 5798
8.23997 5847
8.24799 1072
8.26205 1340
8.27002 1554
8.278 1738
8.28597 1903
8.293 2053
8.30003 2192
8.30706 2323
8.30895 2446
8.31504 2563
8.31692 2675
8.32301 2782
8.3249 2885
8.33099 2984
8.33287 3080
8.33802 3173
8.3399 3263
8.34505 3351
8.34693 3436
8.34882 3519
8.35302 3600
8.35491 3679
8.3568 3757
8.361 3833
8.36288 3907
8.36477 3980
8.36803 4052
8.36991 4122
8.37178 4191
8.37597 4259
8.37763 4326
8.38397 4392
8.38563 4457
8.39197 4521
8.39363 4584
8.39997 4646
8.40163 4707
8.40797 4768
8.40963 4828
8.41597 4887
8.41763 4945
8.42397 5003
8.42563 5060
8.43197 5116
8.43363 5172
8.43997 5227
8.44163 5281
8.44797 5335
8.44963 5388
8.45597 5441
8.45763 5493
8.46397 5545
8.46563 5596
8.47197 5647
8.47363 5697
8.47997 5747
8.48163 5796
8.48797 5845
8.48963 5894
8.49597 5942
8.49763 5990
8.50397 6037
8.50563 6084
8.51197 6131
8.51363 6177
8.51997 6223
8.52163 6269
8.52797 6314
8.52963 6359
8.53597 6404
8.53763 6448
8.54397 6492
8.54563 6536
8.55197 6579
8.55363 6622
8.55997 6665
8.56163 6708
8.56797 6750
8.56963 6792
8.57597 6834
8.57763 6876
8.58397 6917
8.58563 6958
8.59197 6999
8.59363 7040
8.59997 7080
8.60163 7120
8.60797 7160
8.60963 7200
8.61597 7239
8.61763 7278
8.62397 7317
8.62563 7356
8.63197 7395
8.63363 7433
8.63997 7471
8.64163 7509
8.64797 7547
8.64963 7585
8.65597 7622
8.65763 7659
8.66397 7696
8.66563 7733
8.67197 7770
8.67363 7806
8.68093 7842
8.68704 1072
8.7011 1340
8.70908 1554
8.71705 1738
8.72503 1903
8.73206 2053
8.73909 2192
8.74612 2323
8.74801 2446
8.75409 2563
8.75598 2675
8.76207 2782
8.76396 2885
8.77004 2984
8.77193 3080
8.77707 3173
8.77896 3263
8.7841 3351
8.78599 3436
8.78788 3519
8.79208 3600
8.79396 3679
8.79585 3757
8.80005 3833
8.80194 3907
8.80383 3980
8.80708 4052
8.80897 4122
8.81083 4191
8.81597 4259
8.81763 4326
8.82397 4392
8.82563 4457
8.83197 4521
8.83363 4584
8.83997 4646
8.84163 4707
8.84797 4768
8.84963 4828
8.85597 4887
8.85763 4945
8.86397 5003
8.86563 5060
8.87197 5116
8.87363 5172
8.87997 5227
8.88163 5281
8.88797 5335
8.89599 1072
8.91005 1340
8.91802 1554
8.926 1738
8.93397 1903
8.941 2053
8.94803 2192
8.95506 2323
8.95695 2446
8.96304 2563
8.96492 2675
8.97101 2782
8.9729 2885
8.97899 2984
8.98087 3080
8.98602 3173
8.9879 3263
8.99305 3351
8.99493 3436
8.99682 3519
9.00102 3600
9.00291 3679
9.0048 3757
9.009 3833
9.01088 3907
9.01277 3980
9.01603 4052
9.01791 4122
9.01978 4191
9.02397 4259
9.02563 4326
9.03197 4392
9.03363 4457
9.03997 4521
9.04163 4584
9.04797 4646
9.04963 4707
9.05597 4768
9.05763 4828
9.06397 4887
9.06563 4945
9.07197 5003
9.07363 5060
9.07997 5116
9.08163 5172
9.08797 5227
9.08963 5281
9.09597 5335
9.09763 5388
9.10397 5441
9.10563 5493
9.11197 5545
9.11363 5596
9.11997 5647
9.12163 5697
9.12797 5747
9.12963 5796
9.13597 5845
9.13763 5894
9.14397 5942
9.14563 5990
9.15197 6037
9.15363 6084
9.15997 6131
9.16163 6177
9.16797 6223
9.16963 6269
9.17597 6314
9.17763 6359
9.18397 6404
9.18563 6448
9.19197 6492
9.19363 6536
9.19997 6579
9.20163 6622
9.20797 6665
9.20963 6708
9.21597 6750
9.21763 6792
9.22397 6834
9.22563 6876
9.23197 6917
9.23363 6958
9.23997 6999
9.24163 7040
9.24893 7080
9.25504 1072
9.2691 1340
9.27708 1554
9.28505 1738
9.29303 1903
9.30006 2053
9.30709 2192
9.31412 2323
9.31601 2446
9.32209 2563
9.32398 2675
9.33007 2782
9.33805 1072
10.3301 536
10.5441 1072
10.5521 1340
10.5601 1554
10.5681 1738
10.576 1903
10.5831 2053
10.5901 2192
10.5971 2323
10.599 2446
10.6051 2563
10.607 2675
10.6131 2782
10.615 2885
10.621 2984
10.6229 3080
10.6281 3173
10.63 3263
10.6351 3351
10.637 3436
10.6389 3519
10.6431 3600
10.645 3679
10.6469 3757
10.651 3833
10.6529 3907
10.6548 3980
10.6581 4052
10.66 4122
10.6619 4191
10.6651 4259
10.667 4326
10.6689 4392
10.6721 4457
10.674 4521
10.6759 4584
10.6778 4646
10.6801 4707
10.682 4768
10.6839 4828
10.6858 4887
10.6881 4945
10.69 5003
10.6919 5060
10.6938 5116
10.6956 5172
10.6975 5227
10.6994 5281
10.7013 5335
10.7032 5388
10.7051 5441
10.707 5493
10.7089 5545
10.7107 5596
10.7126 5647
10.7145 5697
10.7164 5747
10.7183 5796
10.7202 5845
10.7221 5894
10.724 5942
10.7258 5990
10.7287 6037
10.7306 2412
10.7452 2531
10.7471 2644
10.7531 2752
10.755 2856
10.7611 2956
10.763 3053
10.7681 3147
10.77 3238
10.7752 3326
10.7771 3412
10.779 3496
10.7831 3578
10.785 3658
10.7869 3736
10.7911 3812
10.793 3887
10.7949 3960
10.7991 4032
10.801 4103
10.8029 4173
10.8061 4241
10.808 4308
10.8099 4374
10.8132 4439
10.815 4503
10.8169 4566
10.8188 4628
10.8211 4690
10.823 4751
10.8249 4811
10.8268 4870
10.8291 4928
10.831 4986
10.8329 5043
10.8348 5099
10.8367 5155
10.8385 5210
10.8404 5265
10.8423 5319
10.8442 5373
10.8461 5426
10.848 5478
10.8499 5530
10.8518 5581
10.8537 5632
10.8555 5683
10.8574 5733
10.8593 5783
10.8612 5832
10.8631 5881
10.865 5929
10.8669 5977
10.8688 6025
10.8706 6072
10.8725 6119
10.8744 6165
10.8763 6211
10.8782 6257
10.8801 6302
10.882 6347
10.8839 6392
10.8857 6436
10.8876 6480
10.8895 6524
10.8914 6568
10.8933 6611
10.8952 6654
10.8971 6697
10.899 6739
10.9009 6781
10.9027 6823
10.9046 6865
10.9065 6906
10.9084 6947
10.9103 6988
10.9122 7029
10.9141 7069
10.916 7109
10.9178 7149
10.9197 7189
10.9216 7228
10.9235 7267
10.9254 7306
10.9273 7345
10.9292 7384
10.9311 7422
10.9329 7460
10.9348 7498
10.9367 7536
10.9386 7574
10.9405 7611
10.9424 7648
10.9443 7685
10.9462 7722
10.9481 7759
10.9499 7796
10.9518 7832
10.9537 7868
10.9556 7904
10.9575 7940
10.9594 7976
10.9613 8012
10.9632 8047
10.965 8082
10.9669 8117
10.9688 8152
10.9707 8187
10.9726 8222
10.9745 8256
10.9764 8290
10.9783 8324
10.9801 8358
10.982 8392
10.9839 8426
10.9858 8460
10.9877 8493
10.9896 8526
10.9915 8559
10.9934 8592
10.9953 8625
10.9971 8658
10.999 8691
11.0009 8724
11.0028 8756
11.0047 8788
11.0066 8820
11.0085 8852
11.0104 8884
11.0122 8916
11.0141 8948
11.016 8980
11.0179 9011
11.0198 9042
11.0217 9073
11.0236 9104
11.0255 9135
11.0273 9166
11.0287 9197
11.0306 9228
11.0322 9259
11.0341 9290
11.039 9320
11.0409 9350
11.047 9380
11.0489 9410
11.055 9440
11.0569 9470
11.063 9500
11.0649 9530
11.071 9560
11.0729 9590
11.079 9619
11.0809 9648
11.087 9677
11.0889 9706
11.095 9735
11.0969 9764
11.103 9793
11.1049 9822
11.111 9851
11.1129 9880
11.119 9909
11.1209 9937
11.127 9965
11.1289 9993
11.135 10021
11.1369 10049
11.143 10077
11.1449 10105
11.151 10133
11.1529 10161
11.159 10189
11.1609 10217
11.167 10245
11.1689 10273
11.175 10300
11.1769 10327
11.183 10354
11.1849 10381
11.191 10408
11.1929 10435
11.199 10462
11.2009 10489
11.207 10516
11.2096 10543
11.216 1072
11.23 1340
11.238 1554
11.246 1738
11.254 1903
11.261 2053
11.268 2192
11.2751 2323
11.277 2446
11.283 2563
11.2849 2675
11.291 2782
11.2929 2885
11.299 2984
11.3009 3080
11.306 3173
11.3079 3263
11.313 3351
11.3149 3436
11.3168 3519
11.321 3600
11.3229 3679
11.3248 3757
11.329 3833
11.3309 3907
11.3328 3980
11.336 4052
11.3379 4122
11.3398 4191
11.344 4259
11.3456 4326
11.352 4392
11.3536 4457
11.36 4521
11.3616 4584
11.368 4646
11.3696 4707
11.376 4768
11.3776 4828
11.384 4887
11.3856 4945
11.392 5003
11.3936 5060
11.4 5116
11.4016 5172
11.408 5227
11.4096 5281
11.416 5335
11.4176 5388
11.424 5441
11.4256 5493
11.432 5545
11.4336 5596
11.44 5647
11.4416 5697
11.448 5747
11.4496 5796
11.456 5845
11.4576 5894
11.464 5942
11.4656 5990
11.472 6037
11.4736 6084
11.48 6131
11.4816 6177
11.488 6223
11.4896 6269
11.496 6314
11.4976 6359
11.504 6404
11.5056 6448
11.512 6492
11.5136 6536
11.52 6579
11.5216 6622
11.528 6665
11.5296 6708
11.536 6750
11.5376 6792
11.544 6834
11.5456 6876
11.552 6917
11.5536 6958
11.56 6999
11.5616 7040
11.568 7080
11.5696 7120
11.576 7160
11.5776 7200
11.584 7239
11.5856 7278
11.592 7317
11.5936 7356
11.6 7395
11.6016 7433
11.608 7471
11.6096 7509
11.616 7547
11.6176 7585
11.624 7622
11.6256 7659
11.632 7696
11.6336 7733
11.64 7770
11.6416 7806
11.648 7842
11.6496 7878
11.656 7914
11.6576 7950
11.664 7986
11.6656 8021
11.672 8056
11.6736 8091
11.68 8126
11.6816 8161
11.688 8196
11.6896 8231
11.696 8265
11.6976 8299
11.704 8333
11.7056 8367
11.712 8401
11.7136 8435
11.72 8469
11.7216 8502
11.728 8535
11.7296 8568
11.736 8601
11.7376 8634
11.744 8667
11.7456 8700
11.752 8733
11.7536 8765
11.76 8797
11.7616 8829
11.768 8861
11.7696 8893
11.776 8925
11.7776 8957
11.784 8989
11.7856 9020
11.792 9051
11.7936 9082
11.8 9113
11.8016 9144
11.808 9175
11.8096 9206
11.816 9237
11.8176 9268
11.824 9298
11.8256 9328
11.832 9358
11.8336 9388
11.84 9418
11.8416 9448
11.848 9478
11.8496 9508
11.856 9538
11.8576 9568
11.864 9598
11.8656 9627
11.872 9656
11.8736 9685
11.88 9714
11.8816 9743
11.888 9772
11.8896 9801
11.896 9830
11.8976 9859
11.904 9888
11.9056 9917
11.912 9945
11.9136 9973
11.92 10001
11.9216 10029
11.928 10057
11.9296 10085
11.936 10113
11.9376 10141
11.944 10169
11.9456 10197
11.952 10225
11.9536 10253
11.96 10281
11.9616 10308
11.968 10335
11.9696 10362
11.976 10389
11.9776 10416
11.984 10443
11.9856 10470
11.992 10497
11.9936 10524
12 10551
12.0016 10578
12.008 10605
12.0096 10632
12.016 10659
12.0176 10685
12.024 10711
12.0256 10737
12.032 10763
12.0336 10789
12.04 10815
12.0416 10841
12.048 10867
12.0496 10893
12.056 10919
12.0576 10945
12.064 10971
12.0656 10997
12.072 11023
12.0736 11049
12.08 11075
12.0816 11100
12.088 11125
12.0896 11150
12.096 11175
12.0976 11200
12.104 11225
12.1056 11250
12.112 11275
12.1136 11300
12.12 11325
12.1216 11350
12.128 11375
12.1296 11400
12.136 11425
12.1376 11450
12.144 11475
12.1456 11500
12.152 11524
12.1536 11548
12.16 11572
12.1616 11596
12.168 11620
12.1696 11644
12.176 11668
12.1776 11692
12.184 11716
12.1856 11740
12.192 11764
12.1936 11788
12.2 11812
12.2016 11836
12.208 11860
12.2096 11884
12.216 11908
12.2176 11932
12.224 11956
12.2256 11980
12.232 12003
12.2336 12026
12.24 12049
12.2416 12072
12.248 12095
12.2496 12118
12.256 12141
12.2576 12164
12.264 12187
12.2656 12210
12.272 12233
12.2736 12256
12.28 12279
12.2816 12302
12.288 12325
12.2896 12348
12.296 12371
12.2976 12394
12.304 12417
12.3056 12440
12.312 12463
12.3136 12486
12.32 12509
12.3216 12531
12.328 12553
12.3296 12575
12.336 12597
12.3376 12619
12.344 12641
12.3456 12663
12.352 12685
12.3536 12707
12.36 12729
12.3616 12751
12.3689 12773
12.375 1072
12.3891 1340
12.3971 1554
12.4051 1738
12.413 1903
12.4201 2053
12.4271 2192
12.4341 2323
12.436 2446
12.4421 2563
12.444 2675
12.4501 2782
12.452 2885
12.458 2984
12.4599 3080
12.4651 3173
12.467 3263
12.4721 3351
12.474 3436
12.4759 3519
12.4801 3600
12.482 3679
12.4839 3757
12.4881 3833
12.4899 3907
12.4918 3980
12.4951 4052
12.497 4122
12.4988 4191
12.504 4259
12.511 4326
12.5129 1196
12.5296 1436
12.5376 1636
12.5456 1811
12.5526 1969
12.5596 2114
12.5667 2249
12.5737 2376
12.5756 2496
12.5817 2611
12.5836 2721
12.5896 2826
12.5915 2927
12.5967 3025
12.5986 3119
12.6037 3211
12.6056 3300
12.6107 3387
12.6126 3471
12.6145 3553
12.6187 3633
12.6206 3712
12.6225 3789
12.6267 3864
12.6286 3938
12.631 4010
12.6337 4081
12.639 4151
12.6409 4220
12.647 4288
12.6489 4355
12.655 4420
12.6569 4484
12.663 4548
12.6649 4611
12.671 4673
12.6729 4734
12.679 4794
12.6809 4853
12.687 4912
12.6889 4970
12.695 5027
12.6969 5084
12.703 5140
12.7049 5195
12.711 5250
12.7129 5304
12.719 5358
12.7209 5411
12.727 5464
12.7289 5516
12.735 5568
12.7369 5619
12.743 5670
12.7449 5720
12.751 5770
12.7529 5819
12.759 5868
12.7609 5916
12.767 5964
12.7689 6012
12.775 6059
12.7769 6106
12.783 6153
12.7849 6199
12.791 6245
12.7929 6291
12.799 6336
12.8009 6381
12.807 6426
12.8089 6470
12.815 6514
12.8169 6558
12.823 6601
12.8249 6644
12.831 6687
12.8329 6729
12.839 6771
12.8409 6813
12.847 6855
12.8489 6896
12.855 6937
12.8569 6978
12.863 7019
12.8649 7059
12.871 7099
12.8729 7139
12.879 7179
12.8809 7219
12.887 7258
12.8889 7297
12.895 7336
12.8969 7375
12.903 7413
12.9049 7451
12.911 7489
12.9129 7527
12.919 7565
12.9209 7602
12.927 7639
12.9289 7676
12.935 7713
12.9369 7750
12.943 7787
12.9449 7823
12.951 7859
12.9529 7895
12.959 7931
12.9609 7967
12.967 8003
12.9689 8038
12.975 8073
12.9769 8108
12.983 8143
12.9849 8178
12.991 8213
12.9929 8247
12.999 8281
13.0009 8315
13.007 8349
13.0089 8383
13.015 8417
13.0169 8451
13.023 8484
13.0249 8517
13.031 8550
13.0329 8583
13.039 8616
13.0409 8649
13.047 8682
13.0489 8715
13.055 8747
13.0569 8779
13.063 8811
13.0649 8843
13.071 8875
13.0729 8907
13.079 8939
13.0809 8971
13.087 9003
13.0889 9034
13.095 9065
13.0969 9096
13.103 9127
13.1049 9158
13.111 9189
13.1129 9220
13.119 9251
13.1209 9282
13.127 9312
13.1289 9342
13.135 9372
13.1369 9402
13.143 9432
13.1449 9462
13.151 9492
13.1529 9522
13.159 9552
13.1609 9582
13.167 9611
13.1689 9640
13.175 9669
13.1769 9698
13.183 9727
13.1849 9756
13.191 9785
13.1929 9814
13.199 9843
13.2009 9872
13.207 9901
13.2089 9930
13.215 9958
13.2169 9986
13.223 10014
13.2249 10042
13.231 10070
13.2329 10098
13.239 10126
13.2409 10154
13.247 10182
13.2489 10210
13.255 10238
13.2569 10266
13.263 10293
13.2649 10320
13.271 10347
13.2729 10374
13.279 10401
13.2809 10428
13.287 10455
13.2889 10482
13.295 10509
13.2969 10536
13.303 10563
13.3049 10590
13.311 10617
13.3129 10644
13.319 10670
13.3209 10696
13.327 10722
13.3289 10748
13.335 10774
13.3369 10800
13.343 10826
13.3449 10852
13.351 10878
13.3529 10904
13.359 10930
13.3609 10956
13.367 10982
13.3689 11008
13.375 11034
13.3769 11060
13.383 11085
13.3849 11110
13.391 11135
13.3929 11160
13.399 11185
13.4009 11210
13.407 11235
13.4089 11260
13.415 11285
13.4169 11310
13.423 11335
13.4249 11360
13.431 11385
13.4329 11410
13.439 11435
13.4409 11460
13.447 11485
13.4489 11510
13.455 11534
13.4569 11558
13.463 11582
13.4649 11606
13.471 11630
13.4729 11654
13.479 11678
13.4809 11702
13.487 11726
13.4889 11750
13.495 11774
13.4969 11798
13.503 11822
13.5049 11846
13.511 11870
13.5129 11894
13.519 11918
13.5209 11942
13.527 11966
13.5289 11990
13.535 12013
13.5369 12036
13.543 12059
13.5449 12082
13.551 12105
13.5529 12128
13.559 12151
13.5609 12174
13.567 12197
13.5689 12220
13.575 12243
13.5769 12266
13.583 12289
13.5849 12312
13.591 12335
13.5929 12358
13.599 12381
13.6009 12404
13.607 12427
13.6089 12450
13.615 12473
13.6169 12496
13.623 12518
13.6249 12540
13.631 12562
13.6329 12584
13.639 12606
13.6409 12628
13.647 12650
13.6489 12672
13.655 12694
13.6569 12716
13.663 12738
13.6649 12760
13.671 12782
13.6729 12804
13.679 12826
13.6809 12848
13.687 12870
13.6889 12892
13.695 12914
13.6969 12936
13.703 12958
13.7049 12980
13.711 13002
13.7129 13024
13.719 13046
13.7209 13068
13.727 13089
13.7289 13110
13.735 13131
13.7369 13152
13.743 13173
13.7449 13194
13.751 13215
13.7529 13236
13.759 13257
13.7609 13278
13.767 13299
13.7689 13320
13.775 13341
13.7769 13362
13.783 13383
13.7849 13404
13.791 13425
13.7929 13446
13.799 13467
13.8009 13488
13.807 13509
13.8089 13530
13.815 13551
13.8169 13572
13.823 13593
13.8249 13614
13.831 13635
13.8329 13656
13.839 13677
13.8409 13698
13.847 13718
13.8489 13738
13.855 13758
13.8569 13778
13.863 13798
13.8649 13818
13.871 13838
13.8729 13858
13.879 13878
13.8809 13898
13.887 13918
13.8889 13938
13.895 13958
13.8969 13978
13.903 13998
13.9049 14018
13.911 14038
13.9129 14058
13.919 14078
13.9209 14098
13.927 14118
13.9289 14138
13.935 14158
13.9369 14178
13.943 14198
13.9449 14218
13.951 14238
13.9529 14258
13.959 14278
13.9609 14298
13.967 14318
13.9689 14338
13.975 14358
13.9769 14378
13.983 14397
13.9849 14416
13.991 14435
13.9929 14454
13.999 14473
14.0009 14492
14.007 14511
14.0089 14530
14.015 14549
14.0169 14568
14.023 14587
14.0249 14606
14.031 14625
14.0329 14644
14.039 14663
14.0409 14682
14.047 14701
14.0489 14720
14.055 14739
14.0569 14758
14.063 14777
14.0649 14796
14.071 14815
14.0729 14834
14.079 14853
14.0809 14872
14.087 14891
14.0889 14910
14.095 14929
14.0969 14948
14.103 14967
14.1049 14986
14.111 15005
14.1129 15024
14.119 15043
14.1209 15062
14.127 15081
14.1289 15100
14.135 15119
14.1369 15138
14.143 15156
14.1449 15174
14.151 15192
14.1529 15210
14.159 15228
14.1609 15246
14.167 15264
14.1689 15282
14.175 15300
14.1769 15318
14.183 15336
14.1849 15354
14.191 15372
14.1929 15390
14.199 15408
14.2009 15426
14.207 15444
14.2089 15462
14.2176 1072
14.2336 1340
14.2416 1554
14.2496 1738
14.2575 1903
14.2646 2053
14.2716 2192
14.2786 2323
14.2805 2446
14.2866 2563
14.2885 2675
14.2946 2782
14.2965 2885
14.3026 2984
14.3044 3080
14.3096 3173
14.3115 3263
14.3166 3351
14.3185 3436
14.3204 3519
14.3246 3600
14.3265 3679
14.3284 3757
14.3326 3833
14.3345 3907
14.3359 3980
14.3396 4052
14.343 4122
14.3449 4191
14.351 4259
14.3529 4326
14.359 4392
14.3609 4457
14.367 4521
14.3689 4584
14.375 4646
14.3769 4707
14.383 4768
14.3849 4828
14.391 4887
14.3929 4945
14.399 5003
14.4009 5060
14.407 5116
14.4089 5172
14.415 5227
14.4169 5281
14.423 5335
14.4249 5388
14.431 5441
14.4329 5493
14.439 5545
14.4409 5596
14.447 5647
14.4489 5697
14.455 5747
14.4569 5796
14.463 5845
14.4649 5894
14.471 5942
14.4729 5990
14.479 6037
14.4809 6084
14.487 6131
14.4889 6177
14.495 6223
14.4969 6269
14.503 6314
14.5049 6359
14.511 6404
14.5129 6448
14.519 6492
14.5209 6536
14.527 6579
14.5289 6622
14.535 6665
14.5369 6708
14.543 6750
14.5449 6792
14.551 6834
14.5529 6876
14.559 6917
14.5609 6958
14.567 6999
14.5689 7040
14.575 7080
14.5769 7120
14.583 7160
14.5849 7200
14.591 7239
14.5929 7278
14.599 7317
14.6009 7356
14.607 7395
14.6089 7433
14.615 7471
14.6169 7509
14.623 7547
14.6249 7585
14.631 7622
14.6329 7659
14.639 7696
14.6409 7733
14.6489 1196
14.6656 1436
14.6736 1636
14.6816 1811
14.6886 1969
14.6956 2114
14.7027 2249
14.7097 2376
14.7116 2496
14.7177 2611
14.7196 2721
14.7256 2826
14.7275 2927
14.7327 3025
14.7346 3119
14.7397 3211
14.7416 3300
14.7467 3387
14.7486 3471
14.7505 3553
14.7547 3633
14.7566 3712
14.7585 3789
14.7627 3864
14.7646 3938
14.767 4010
14.7697 4081
14.775 4151
14.7769 4220
14.783 4288
14.7849 4355
14.791 4420
14.7929 4484
14.799 4548
14.8009 4611
14.807 4673
14.8089 4734
14.815 4794
14.8169 4853
14.823 4912
14.8249 4970
14.831 5027
14.8329 5084
14.839 5140
14.8409 5195
14.847 5250
14.8489 5304
14.855 5358
14.8569 5411
14.863 5464
14.8649 5516
14.871 5568
14.8729 5619
14.879 5670
14.8809 5720
14.887 5770
14.8889 5819
14.895 5868
14.8969 5916
14.903 5964
14.9049 6012
14.911 6059
14.9129 6106
14.919 6153
14.9209 6199
14.927 6245
14.9289 6291
14.935 6336
14.9369 6381
14.943 6426
14.9449 6470
14.951 6514
14.9529 6558
14.959 6601
14.9609 6644
14.967 6687
14.9689 6729
14.975 6771
14.9769 6813
14.983 6855
14.9849 6896
14.991 6937
14.9929 6978
14.999 7019
15.0009 7059
15.007 7099
15.0089 7139
15.015 7179
15.0169 7219
15.023 7258
15.0249 7297
15.031 7336
15.0329 7375
15.039 7413
15.0409 7451
15.047 7489
15.0489 7527
15.055 7565
15.0569 7602
15.063 7639
15.0649 7676
15.071 7713
15.0729 7750
15.079 7787
15.0809 7823
15.087 7859
15.0889 7895
15.095 7931
15.0969 7967
15.103 8003
15.1049 8038
15.111 8073
15.1129 8108
15.119 8143
15.1209 8178
15.127 8213
15.1289 8247
15.135 8281
15.1369 8315
15.143 8349
15.1449 8383
15.151 8417
15.1529 8451
15.159 8484
15.1609 8517
15.167 8550
15.1689 8583
15.175 8616
15.1769 8649
15.183 8682
15.1849 8715
15.191 8747
15.1929 8779
15.199 8811
15.2009 8843
15.207 8875
15.2089 8907
15.216 8939
15.2176 1072
15.2336 1340
15.2416 1554
15.2496 1738
15.2575 1903
15.2646 2053
15.2716 2192
15.2786 2323
15.2805 2446
15.2866 2563
15.2885 2675
15.2946 2782
15.2965 2885
15.3026 2984
15.3044 3080
15.3096 3173
15.3115 3263
15.3166 3351
15.3185 3436
15.3204 3519
15.3246 3600
15.3265 3679
15.3284 3757
15.3326 3833
15.3345 3907
15.3359 3980
15.3396 4052
15.343 4122
15.3449 4191
15.351 4259
15.3529 4326
15.359 4392
15.3609 4457
15.367 4521
15.3689 4584
15.375 4646
15.3769 4707
15.383 4768
15.3849 4828
15.391 4887
15.3929 4945
15.399 5003
15.4009 5060
15.407 5116
15.4089 5172
15.415 5227
15.4169 5281
15.423 5335
15.4249 5388
15.431 5441
15.4329 5493
15.439 5545
15.4409 5596
15.447 5647
15.4489 5697
15.455 5747
15.4569 5796
15.463 5845
15.4649 5894
15.471 5942
15.4729 5990
15.479 6037
15.4809 6084
15.487 6131
15.4889 6177
15.495 6223
15.4969 6269
15.503 6314
15.5049 6359
15.511 6404
15.5129 6448
15.519 6492
15.5209 6536
15.527 6579
15.5289 6622
15.535 6665
15.5369 6708
15.543 6750
15.5449 6792
15.551 6834
15.5529 6876
15.559 6917
15.5609 6958
15.567 6999
15.5689 7040
15.575 7080
15.5769 7120
15.583 7160
15.5849 7200
15.591 7239
15.5929 7278
15.599 7317
15.6009 7356
15.607 7395
15.6089 7433
15.615 7471
15.6169 7509
15.623 7547
15.6249 7585
15.631 7622
15.6329 7659
15.639 7696
15.6409 7733
15.647 7770
15.6489 7806
15.655 7842
15.6569 7878
15.663 7914
15.6649 7950
15.671 7986
15.6729 8021
15.679 8056
15.6809 8091
15.687 8126
15.6889 8161
15.695 8196
15.6969 8231
15.703 8265
15.7049 8299
15.711 8333
15.7129 8367
15.719 8401
15.7209 8435
15.727 8469
15.7289 8502
15.735 8535
15.7369 8568
15.743 8601
15.7449 8634
15.751 8667
15.7529 8700
15.759 8733
15.7609 8765
15.767 8797
15.7689 8829
15.775 8861
15.7769 8893
15.783 8925
15.7849 8957
15.791 8989
15.7929 9020
15.799 9051
15.8009 9082
15.807 9113
15.8089 9144
15.815 9175
15.8169 9206
15.823 9237
15.8249 9268
15.831 9298
15.8329 9328
15.839 9358
15.8409 9388
15.847 9418
15.8489 9448
15.855 9478
15.8569 9508
15.863 9538
15.8649 9568
15.871 9598
15.8729 9627
15.879 9656
15.8809 9685
15.887 9714
15.8889 9743
15.895 9772
15.8969 9801
15.903 9830
15.9049 9859
15.911 9888
15.919 1072
15.9331 1340
15.9411 1554
15.9491 1738
15.957 1903
15.9641 2053
15.9711 2192
15.9781 2323
15.98 2446
15.9861 2563
15.988 2675
15.9941 2782
15.996 2885
16.002 2984
16.0039 3080
16.0091 3173
16.011 3263
16.0161 3351
16.018 3436
16.0231 3519
16.025 1072
16.0401 1340
16.048 1554
16.056 1738
16.064 1903
16.071 2053
16.078 2192
16.0851 2323
16.087 2446
16.093 2563
16.0949 2675
16.101 2782
16.1029 2885
16.109 2984
16.1109 3080
16.116 3173
16.1179 3263
16.123 3351
16.1249 3436
16.1268 3519
16.131 3600
16.1329 3679
16.1348 3757
16.139 3833
16.1409 3907
16.1428 3980
16.146 4052
16.1479 4122
16.1498 4191
16.1531 4259
16.1549 4326
16.1568 4392
16.158 4457
16.161 4521
16.1627 4584
16.168 4646
16.1696 4707
16.176 4768
16.1776 4828
16.184 4887
16.1856 4945
16.192 5003
16.1936 5060
16.2 5116
16.2016 5172
16.208 5227
16.2096 5281
16.216 5335
16.2176 5388
16.224 5441
16.2256 5493
16.232 5545
16.2336 5596
16.24 5647
16.2416 5697
16.248 5747
16.2496 5796
16.256 5845
16.2576 5894
16.264 5942
16.2656 5990
16.2729 6037
16.279 1072
16.2931 1340
16.3011 1554
16.3091 1738
16.317 1903
16.3241 2053
16.3311 2192
16.34 1072
16.3541 1340
16.3621 1554
16.37 1738
16.378 1903
16.385 2053
16.3921 2192
16.3991 2323
16.401 2446
16.4071 2563
16.409 2675
16.4151 2782
16.4169 2885
16.423 2984
16.4249 3080
16.4301 3173
16.4319 3263
16.4371 3351
16.439 3436
16.4409 3519
16.4451 3600
16.447 3679
16.4488 3757
16.453 3833
16.4549 3907
16.4568 3980
16.4601 4052
16.462 4122
16.4638 4191
16.4671 4259
16.469 4326
16.4741 1608
16.4868 1786
16.4939 1946
16.5009 2093
16.5079 2230
16.515 2358
16.5168 2479
16.5229 2594
16.5248 2704
16.5309 2810
16.5328 2912
16.5389 3010
16.5408 1072
16.5558 1340
16.5638 1554
16.5718 1738
16.5797 1903
16.5868 2053
16.5938 2192
16.6008 2323
16.6027 2446
16.6088 2563
16.6107 2675
16.6168 2782
16.6187 2885
16.6247 2984
16.6266 3080
16.6318 3173
16.6337 3263
16.6388 3351
16.6407 3436
16.6426 3519
16.6468 3600
16.6487 3679
16.6506 3757
16.6547 3833
16.6566 3907
16.6585 3980
16.6618 4052
16.6637 4122
16.6656 4191
16.6688 4259
16.6707 4326
16.6726 4392
16.6758 4457
16.6777 4521
16.6795 4584
16.6814 4646
16.687 4707
16.6889 4768
16.695 4828
16.6969 4887
16.703 4945
16.7049 5003
16.711 5060
16.7129 5116
16.719 5172
16.7209 5227
16.727 5281
16.7289 5335
16.735 5388
16.7369 5441
16.743 5493
16.7449 5545
16.751 5596
16.7529 5647
16.759 5697
16.7609 5747
16.767 5796
16.7689 5845
16.775 5894
16.7769 5942
16.783 5990
16.7849 6037
16.791 6084
16.7929 6131
16.799 6177
16.8009 6223
16.807 6269
16.8089 6314
16.815 6359
16.8169 6404
16.823 6448
16.8249 6492
16.831 6536
16.8329 6579
16.839 6622
16.8409 6665
16.847 6708
16.8489 6750
16.855 6792
16.8569 6834
16.863 6876
16.8649 6917
16.871 6958
16.8729 6999
16.879 7040
16.8809 7080
16.887 7120
16.8889 7160
16.895 7200
16.8969 7239
16.903 7278
16.9049 7317
16.911 7356
16.9129 7395
16.919 7433
16.9209 7471
16.927 7509
16.9289 7547
16.935 7585
16.9369 7622
16.943 7659
16.9449 7696
16.951 7733
16.9529 7770
16.959 7806
16.9609 7842
16.967 7878
16.9689 7914
16.975 7950
16.9769 7986
16.983 8021
16.9849 8056
16.991 8091
16.9929 8126
16.999 8161
17.0009 8196
17.007 8231
17.0089 8265
17.015 8299
17.0169 8333
17.023 8367
17.0249 8401
17.031 8435
17.0329 8469
17.039 8502
17.0409 8535
17.047 8568
17.0489 8601
17.055 8634
17.0569 8667
17.063 8700
17.0649 8733
17.071 8765
17.0729 8797
17.079 8829
17.0809 8861
17.087 8893
17.0889 8925
17.095 8957
17.0969 8989
17.103 9020
17.1049 9051
17.111 9082
17.1129 9113
17.119 9144
17.1209 9175
17.127 9206
17.1289 9237
17.135 9268
17.1369 9298
17.143 9328
17.1449 9358
17.151 9388
17.1529 9418
17.159 9448
17.1609 9478
17.167 9508
17.1689 9538
17.175 9568
17.1769 9598
17.183 9627
17.1849 9656
17.191 9685
17.1929 9714
17.199 9743
17.2009 9772
17.207 9801
17.2089 9830
17.215 9859
17.2169 9888
17.223 9917
17.2249 9945
17.231 9973
17.2329 10001
17.239 10029
17.2409 10057
17.247 10085
17.2489 10113
17.255 10141
17.2569 10169
17.263 10197
17.2649 10225
17.271 10253
17.2729 10281
17.279 10308
17.2809 10335
17.287 10362
17.2889 10389
17.295 10416
17.2969 10443
17.303 10470
17.3049 10497
17.311 10524
17.3129 10551
17.319 10578
17.3209 10605
17.327 10632
17.3289 10659
17.335 10685
17.3369 10711
17.343 10737
17.3449 10763
17.351 10789
17.3529 10815
17.359 10841
17.3609 10867
17.367 10893
17.3689 10919
17.375 10945
17.3769 10971
17.383 10997
17.3849 11023
17.391 11049
17.3929 11075
17.399 11100
17.4009 11125
17.407 11150
17.4089 11175
17.415 11200
17.4169 11225
17.423 11250
17.4249 11275
17.431 11300
17.4329 11325
17.439 11350
17.4409 11375
17.447 11400
17.4489 11425
17.455 11450
17.4569 11475
17.463 11500
17.4649 11524
17.471 11548
17.4729 11572
17.479 11596
17.4809 11620
17.487 11644
17.4889 11668
17.4976 1072
17.5136 1340
17.5216 1554
17.5296 1738
17.5375 1903
17.5446 2053
17.5516 2192
17.5586 2323
17.5605 2446
17.5666 2563
17.5685 2675
17.5746 2782
17.5765 2885
17.5826 2984
17.5844 3080
17.5896 3173
17.5915 3263
17.5966 3351
17.5985 3436
17.6004 3519
17.6046 3600
17.6065 3679
17.6084 3757
17.6126 3833
17.6145 3907
17.6159 3980
17.6196 4052
17.623 4122
17.6249 4191
17.631 4259
17.6329 4326
17.639 4392
17.6409 4457
17.647 4521
17.6489 4584
17.655 4646
17.6569 4707
17.663 4768
17.6649 4828
17.671 4887
17.6729 4945
17.679 5003
17.6809 5060
17.687 5116
17.6889 5172
17.695 5227
17.6969 5281
17.703 5335
17.7049 5388
17.711 5441
17.7129 5493
17.719 5545
17.7209 5596
17.727 5647
17.7289 5697
17.735 5747
17.7369 5796
17.743 5845
17.7449 5894
17.751 5942
17.7529 5990
17.759 6037
17.7609 6084
17.767 6131
17.7689 6177
17.775 6223
17.7769 6269
17.783 6314
17.7849 6359
17.791 6404
17.7929 6448
17.799 6492
17.8009 6536
17.807 6579
17.8089 6622
17.815 6665
17.8169 6708
17.823 6750
17.8249 6792
17.831 6834
17.8329 6876
17.839 6917
17.8409 6958
17.847 6999
17.8489 7040
17.855 7080
17.8569 7120
17.863 7160
17.8649 7200
17.871 7239
17.8729 7278
17.879 7317
17.8809 7356
17.887 7395
17.8889 7433
17.895 7471
17.8969 7509
17.903 7547
17.9049 7585
17.911 7622
17.9129 7659
17.919 7696
17.9209 7733
17.927 7770
17.9289 7806
17.935 7842
17.9369 7878
17.943 7914
17.9449 7950
17.951 7986
17.9529 8021
17.959 8056
17.9609 8091
17.967 8126
17.9689 8161
17.975 8196
17.9769 8231
17.983 8265
17.9849 8299
17.991 8333
17.9929 8367
17.999 8401
18.0009 8435
18.007 8469
18.0089 8502
18.015 8535
18.0169 8568
18.023 8601
18.0249 8634
18.031 8667
18.0329 8700
18.039 8733
18.0409 8765
18.047 8797
18.0489 8829
18.055 8861
18.0569 8893
18.063 8925
18.0649 8957
18.071 8989
18.0729 9020
18.079 9051
18.0809 9082
18.087 9113
18.0889 9144
18.095 9175
18.0969 9206
18.103 9237
18.1049 9268
18.111 9298
18.1129 9328
18.119 9358
18.1209 9388
18.127 9418
18.1289 9448
18.135 9478
18.1369 9508
18.143 9538
18.1449 9568
18.151 9598
18.1529 9627
18.159 9656
18.1609 9685
18.167 9714
18.1689 9743
18.175 9772
18.1769 9801
18.183 9830
18.1849 9859
18.191 9888
18.1929 9917
18.199 9945
18.2009 9973
18.207 10001
18.2089 10029
18.215 10057
18.2176 10085
18.224 1072
18.238 1340
18.246 1554
18.254 1738
18.262 1903
18.269 2053
18.276 2192
18.2831 2323
18.285 2446
18.291 2563
18.2929 2675
18.299 2782
18.3009 2885
18.307 2984
18.3089 3080
18.314 3173
18.3159 3263
18.321 3351
18.3229 3436
18.3248 3519
18.329 3600
18.3309 3679
18.3328 3757
18.337 3833
18.3389 3907
18.3408 3980
18.344 4052
18.3459 4122
18.3478 4191
18.352 4259
18.3536 4326
18.36 4392
18.3616 4457
18.368 4521
18.3696 4584
18.376 4646
18.3776 4707
18.384 4768
18.392 1072
18.406 1340
18.414 1554
18.422 1738
18.43 1903
18.437 2053
18.444 2192
18.4511 2323
18.453 2446
18.459 2563
18.4609 2675
18.467 2782
18.4689 2885
18.475 2984
18.4769 3080
18.482 3173
18.4839 3263
18.489 3351
18.4909 3436
18.4928 3519
18.497 3600
18.4989 3679
18.5008 3757
18.505 3833
18.5088 1340
18.5229 1554
18.5308 1738
18.5388 1903
18.5458 2053
18.5529 2192
18.5599 2323
18.5618 2446
18.5679 2563
18.5698 2675
18.5758 2782
18.5777 2885
18.5838 2984
18.5857 3080
18.5909 3173
18.5927 3263
18.5979 3351
18.5998 3436
18.6017 3519
18.6059 3600
18.6077 3679
18.6096 3757
18.6138 3833
18.6155 3907
18.6174 3980
18.6206 4052
18.624 4122
18.6256 4191
18.632 4259
18.6336 4326
18.64 4392
18.6416 4457
18.648 4521
18.6496 4584
18.656 4646
18.6576 4707
18.664 4768
18.6656 4828
18.672 4887
18.6736 4945
18.68 5003
18.687 5060
18.6889 1196
18.7056 1436
18.7136 1636
18.7216 1811
18.7286 1969
18.7356 2114
18.7427 2249
18.7497 2376
18.7516 2496
18.7577 2611
18.7596 2721
18.7656 2826
18.7675 2927
18.7727 3025
18.7746 3119
18.7797 3211
18.7816 3300
18.7867 3387
18.7886 3471
18.7905 3553
18.7947 3633
18.7966 3712
18.7985 3789
18.8027 3864
18.8046 3938
18.807 4010
18.8097 4081
18.815 4151
18.8169 4220
18.823 4288
18.8249 4355
18.831 4420
18.8329 4484
18.839 4548
18.8409 4611
18.847 4673
18.8489 4734
18.855 4794
18.8569 4853
18.863 4912
18.8649 4970
18.871 5027
18.8729 5084
18.879 5140
18.8809 5195
18.887 5250
18.8889 5304
18.895 5358
18.8969 5411
18.903 5464
18.9049 5516
18.911 5568
18.9129 5619
18.919 5670
18.9209 5720
18.927 5770
18.9289 5819
18.935 5868
18.9369 5916
18.943 5964
18.9449 6012
18.951 6059
18.9529 6106
18.959 6153
18.9609 6199
18.967 6245
18.9689 6291
18.975 6336
18.9769 6381
18.983 6426
18.9849 6470
18.991 6514
18.9929 6558
18.999 6601
19.0009 6644
19.007 6687
19.0089 6729
19.015 6771
19.0169 6813
19.023 6855
19.0249 6896
19.031 6937
19.0329 6978
19.039 7019
19.0409 7059
19.047 7099
19.0489 7139
19.055 7179
19.0569 7219
19.063 7258
19.0649 7297
19.071 7336
19.0729 7375
19.079 7413
19.0809 7451
19.087 7489
19.0889 7527
19.095 7565
19.0969 7602
19.103 7639
19.1049 7676
19.111 7713
19.1129 7750
19.119 7787
19.1209 7823
19.127 7859
19.1289 7895
19.135 7931
19.1369 7967
19.143 8003
19.1449 8038
19.151 8073
19.1529 8108
19.159 8143
19.1609 8178
19.167 8213
19.1689 8247
19.175 8281
19.1769 8315
19.183 8349
19.1849 8383
19.191 8417
19.1929 8451
19.199 8484
19.2009 8517
19.207 8550
19.2089 8583
19.215 8616
19.2169 8649
19.223 8682
19.2249 8715
19.231 8747
19.2329 8779
19.239 8811
19.2409 8843
19.247 8875
19.2489 8907
19.255 8939
19.2569 8971
19.263 9003
19.2649 9034
19.271 9065
19.2729 9096
19.279 9127
19.2809 9158
19.287 9189
19.2889 9220
19.295 9251
19.2969 9282
19.303 9312
19.3049 9342
19.311 9372
19.3129 9402
19.319 9432
19.3209 9462
19.327 9492
19.3289 9522
19.335 9552
19.3369 9582
19.343 9611
19.3449 9640
19.351 9669
19.3529 9698
19.359 9727
19.3609 9756
19.367 9785
19.3689 9814
19.375 9843
19.3769 9872
19.383 9901
19.3849 9930
19.391 9958
19.3929 9986
19.399 10014
19.4009 10042
19.407 10070
19.4089 10098
19.415 10126
19.4169 10154
19.423 10182
19.4249 10210
19.431 10238
19.4329 10266
19.439 10293
19.4409 10320
19.447 10347
19.4489 10374
19.455 10401
19.4569 10428
19.463 10455
19.4649 10482
19.471 10509
19.4729 10536
19.479 10563
19.4809 10590
19.487 10617
19.4889 10644
19.495 10670
19.4969 10696
19.5049 1196
19.5216 1436
19.5296 1636
19.5376 1811
19.5446 1969
19.5516 2114
19.5587 2249
19.5657 2376
19.5676 2496
19.5737 2611
19.5756 2721
19.5816 2826
19.5835 2927
19.5887 3025
19.5906 3119
19.5957 3211
19.5976 3300
19.6027 3387
19.6046 3471
19.6065 3553
19.6107 3633
19.6126 3712
19.6145 3789
19.6187 3864
19.6206 3938
19.623 4010
19.6257 4081
19.631 4151
19.6329 4220
19.639 4288
19.6409 4355
19.647 4420
19.6489 4484
19.655 4548
19.6569 4611
19.663 4673
19.6649 4734
19.671 4794
19.6729 4853
19.679 4912
19.6809 4970
19.687 5027
19.6889 5084
19.695 5140
19.6969 5195
19.703 5250
19.7049 5304
19.711 5358
19.7129 5411
19.719 5464
19.7209 5516
19.727 5568
19.7289 5619
19.735 5670
19.7369 5720
19.743 5770
19.7449 5819
19.751 5868
19.7529 5916
19.759 5964
19.7609 6012
19.767 6059
19.7689 6106
19.775 6153
19.7769 6199
19.783 6245
19.7849 6291
19.791 6336
19.7929 6381
19.799 6426
19.8009 6470
19.807 6514
19.8089 6558
19.815 6601
19.8169 6644
19.823 6687
19.8249 6729
19.831 6771
19.8329 6813
19.839 6855
19.8409 6896
19.847 6937
19.8489 6978
19.855 7019
19.8569 7059
19.863 7099
19.8649 7139
19.871 7179
19.8729 7219
19.879 7258
19.8809 7297
19.887 7336
19.8889 7375
19.895 7413
19.8969 7451
19.903 7489
19.9049 7527
19.911 7565
19.9129 7602
19.919 7639
19.9209 7676
19.928 7713
19.9296 1072
19.9456 1340
19.9536 1554
19.9616 1738
19.9695 1903
19.9766 2053
19.9836 2192
19.9906 2323
19.9925 2446
19.9986 2563
20.0005 2675
20.0066 2782
20.0085 2885
20.0146 2984
20.0164 3080
20.0216 3173
20.0235 3263
20.0286 3351
20.0305 3436
20.0324 3519
20.0366 3600
20.0385 3679
20.0404 3757
20.0446 3833
20.0465 3907
20.0479 3980
20.0516 4052
20.055 4122
20.0569 4191
20.063 4259
20.0649 4326
20.071 4392
20.0729 4457
20.079 4521
20.0809 4584
20.087 4646
20.0889 4707
20.095 4768
20.0969 4828
20.103 4887
20.1049 4945
20.111 5003
20.1129 5060
20.119 5116
20.1209 5172
20.127 5227
20.1289 5281
20.135 5335
20.1369 5388
20.143 5441
20.1449 5493
20.151 5545
20.1529 5596
20.159 5647
20.1609 5697
20.167 5747
20.1689 5796
20.175 5845
20.1769 5894
20.183 5942
20.1849 5990
20.191 6037
20.1929 6084
20.199 6131
20.2009 6177
20.207 6223
20.2089 6269
20.215 6314
20.2169 6359
20.223 6404
20.2249 6448
20.231 6492
20.2329 6536
20.239 6579
20.2409 6622
20.247 6665
20.2489 6708
20.255 6750
20.2569 6792
20.263 6834
20.2649 6876
20.271 6917
20.2729 6958
20.279 6999
20.2809 7040
20.287 7080
20.2889 7120
20.295 7160
20.2969 7200
20.303 7239
20.3049 7278
20.311 7317
20.3129 7356
20.319 7395
20.3209 7433
20.327 7471
20.3289 7509
20.335 7547
20.3369 7585
20.343 7622
20.3449 7659
20.351 7696
20.3529 7733
20.359 7770
20.3609 7806
20.367 7842
20.3689 7878
20.375 7914
20.3769 7950
20.383 7986
20.3849 8021
20.391 8056
20.3929 8091
20.399 8126
20.4009 8161
20.407 8196
20.4089 8231
20.415 8265
20.4169 8299
20.423 8333
20.4249 8367
20.431 8401
20.4329 8435
20.439 8469
20.4409 8502
20.447 8535
20.4489 8568
20.455 8601
20.4569 8634
20.463 8667
20.4649 8700
20.471 8733
20.4729 8765
20.479 8797
20.4809 8829
20.487 8861
20.4889 8893
20.495 8925
20.4969 8957
20.503 8989
20.5049 9020
20.511 9051
20.5129 9082
20.519 9113
20.5209 9144
20.527 9175
20.5289 9206
20.535 9237
20.5369 9268
20.543 9298
20.5449 9328
20.551 9358
20.5529 9388
20.559 9418
20.5609 9448
20.567 9478
20.5689 9508
20.575 9538
20.5769 9568
20.583 9598
20.5849 9627
20.591 9656
20.5929 9685
20.599 9714
20.6009 9743
20.607 9772
20.6089 9801
20.615 9830
20.6169 9859
20.623 9888
20.6249 9917
20.631 9945
20.6329 9973
20.639 10001
20.6409 10029
20.647 10057
20.6489 10085
20.655 10113
20.6569 10141
20.663 10169
20.6649 10197
20.671 10225
20.6729 10253
20.679 10281
20.6809 10308
20.687 10335
20.6889 10362
20.695 10389
20.6969 10416
20.703 10443
20.7049 10470
20.711 10497
20.7129 10524
20.719 10551
20.7209 10578
20.727 10605
20.7289 10632
20.735 10659
20.7369 10685
20.743 10711
20.7449 10737
20.752 10763
20.7536 1072
20.7696 1340
20.7776 1554
20.7856 1738
20.7935 1903
20.8006 2053
20.8076 2192
20.8146 2323
20.8165 2446
20.8226 2563
20.8245 2675
20.8306 2782
20.8325 2885
20.8386 2984
20.8404 3080
20.8456 3173
20.8475 3263
20.8526 3351
20.8545 3436
20.8564 3519
20.8606 3600
20.8644 1208
20.879 1445
20.887 1643
20.8959 1817
20.9039 1072
20.9179 1340
20.9259 1554
20.9339 1738
20.9419 1903
20.9489 2053
20.9559 2192
20.963 2323
20.9648 2446
20.9709 2563
20.9728 2675
20.9789 2782
20.9808 2885
20.9869 2984
20.9888 3080
20.9939 3173
20.9958 3263
21.0009 3351
21.0028 3436
21.0047 3519
21.0089 3600
21.0108 3679
21.0127 3757
21.0169 3833
21.0188 3907
21.0207 3980
21.0239 4052
21.0258 4122
21.0277 4191
21.031 4259
21.0328 4326
21.0347 4392
21.038 4457
21.0399 4521
21.0418 4584
21.0436 4646
21.046 4707
21.0471 4768
21.049 4828
21.055 4887
21.0569 4945
21.063 5003
21.0649 5060
21.071 5116
21.0729 5172
21.079 5227
21.0809 5281
21.087 5335
21.0889 5388
21.095 5441
21.0969 5493
21.103 5545
21.1049 5596
21.111 5647
21.1129 5697
21.119 5747
21.1209 5796
21.127 5845
21.1289 5894
21.135 5942
21.1369 5990
21.143 6037
21.1449 6084
21.151 6131
21.1529 6177
21.159 6223
21.1609 6269
21.167 6314
21.1689 6359
21.175 6404
21.1769 6448
21.183 6492
21.1849 6536
21.191 6579
21.1929 6622
21.199 6665
21.2009 6708
21.207 6750
21.2089 6792
21.215 6834
21.2169 6876
21.223 6917
21.2249 6958
21.231 6999
21.2329 7040
21.239 7080
21.2409 7120
21.247 7160
21.2489 7200
21.255 7239
21.2569 7278
21.263 7317
21.2649 7356
21.271 7395
21.2729 7433
21.279 7471
21.2809 7509
21.287 7547
21.2889 7585
21.295 7622
21.2969 7659
21.303 7696
21.3049 7733
21.311 7770
21.3129 7806
21.319 7842
21.3209 7878
21.327 7914
21.3289 7950
21.335 7986
21.3369 8021
21.343 8056
21.3449 8091
21.351 8126
21.3529 8161
21.359 8196
21.3609 8231
21.367 8265
21.3689 8299
21.375 8333
21.3769 8367
21.383 8401
21.3849 8435
21.391 8469
21.3929 8502
21.399 8535
21.4009 8568
21.407 8601
21.4089 8634
21.415 8667
21.4169 8700
21.423 8733
21.4249 8765
21.431 8797
21.4329 8829
21.439 8861
21.4409 8893
21.447 8925
21.4489 8957
21.455 8989
21.4569 9020
21.463 9051
21.4649 9082
21.471 9113
21.4729 9144
21.479 9175
21.4809 9206
21.487 9237
21.4889 9268
21.495 9298
21.4969 9328
21.503 9358
21.5049 9388
21.511 9418
21.5129 9448
21.519 9478
21.5209 9508
21.527 9538
21.5289 9568
21.535 9598
21.5369 9627
21.543 9656
21.5449 9685
21.551 9714
21.5529 9743
21.559 9772
21.5609 9801
21.567 9830
21.5689 9859
21.575 9888
21.5769 9917
21.583 9945
21.5849 9973
21.591 10001
21.5929 10029
21.599 10057
21.6009 10085
21.607 10113
21.6089 10141
21.615 10169
21.6169 10197
21.623 10225
21.6249 10253
21.631 10281
21.6329 10308
21.639 10335
21.6409 10362
21.647 10389
21.6489 10416
21.655 10443
21.6569 10470
21.663 10497
21.6649 10524
21.671 10551
21.6729 10578
21.679 10605
21.6809 10632
21.687 10659
21.6889 10685
21.695 10711
21.6969 10737
21.703 10763
21.7049 10789
21.711 10815
21.7129 10841
21.719 10867
21.7209 10893
21.727 10919
21.7289 10945
21.735 10971
21.7369 10997
21.743 11023
21.7449 11049
21.751 11075
21.7529 11100
21.759 11125
21.7609 11150
21.767 11175
21.7689 11200
21.775 11225
21.7769 11250
21.783 11275
21.7849 11300
21.791 11325
21.7929 11350
21.799 11375
21.8009 11400
21.807 11425
21.8089 11450
21.815 11475
21.8169 11500
21.823 11524
21.8249 11548
21.831 11572
21.8329 11596
21.839 11620
21.8409 11644
21.847 11668
21.8489 11692
21.855 11716
21.8569 11740
21.863 11764
21.8649 11788
21.871 11812
21.8729 11836
21.879 11860
21.8809 11884
21.887 11908
21.8889 11932
21.895 11956
21.8969 11980
21.903 12003
21.9049 12026
21.911 12049
21.9129 12072
21.919 12095
21.9209 12118
21.927 12141
21.9289 12164
21.935 12187
21.9369 12210
21.943 12233
21.9449 12256
21.951 12279
21.9529 12302
21.959 12325
21.9609 12348
21.967 12371
21.9689 12394
21.975 12417
21.9769 12440
21.983 12463
21.9849 12486
21.991 12509
21.9929 12531
21.999 12553
22.0009 12575
22.007 12597
22.0089 12619
22.015 12641
22.0169 12663
22.023 12685
22.0249 12707
22.031 12729
22.0329 12751
22.0409 1196
22.0576 1436
22.0656 1636
22.0736 1811
22.0806 1969
22.0876 2114
22.0947 2249
22.1017 2376
22.1036 2496
22.1097 2611
22.1116 2721
22.1176 2826
22.1195 2927
22.1247 3025
22.1266 3119
22.1317 3211
22.1336 3300
22.1387 3387
22.1406 3471
22.1425 3553
22.1467 3633
22.1486 3712
22.1505 3789
22.1547 3864
22.1566 3938
22.159 4010
22.1617 4081
22.167 4151
22.1689 4220
22.175 4288
22.1769 4355
22.183 4420
22.1849 4484
22.191 4548
22.1929 4611
22.199 4673
22.2009 4734
22.207 4794
22.2089 4853
22.215 4912
22.2169 4970
22.223 5027
22.2249 5084
22.231 5140
22.2329 5195
22.239 5250
22.2409 5304
22.247 5358
22.2489 5411
22.255 5464
22.2569 5516
22.263 5568
22.2649 5619
22.271 5670
22.2729 5720
22.279 5770
22.2809 5819
22.287 5868
22.2889 5916
22.295 5964
22.2969 6012
22.303 6059
22.3049 6106
22.311 6153
22.3129 6199
22.319 6245
22.3209 6291
22.327 6336
22.3289 6381
22.335 6426
22.3369 6470
22.343 6514
22.3449 6558
22.351 6601
22.3529 6644
22.359 6687
22.3609 6729
22.367 6771
22.3689 6813
22.375 6855
22.3769 6896
22.383 6937
22.3849 6978
22.391 7019
22.3929 7059
22.399 7099
22.4009 7139
22.407 7179
22.4089 7219
22.415 7258
22.4169 7297
22.423 7336
22.4249 7375
22.431 7413
22.4329 7451
22.439 7489
22.4409 7527
22.447 7565
22.4489 7602
22.455 7639
22.4569 7676
22.463 7713
22.4649 7750
22.471 7787
22.4729 7823
22.479 7859
22.4809 7895
22.487 7931
22.4889 7967
22.495 8003
22.4969 8038
22.503 8073
22.5049 8108
22.511 8143
22.5129 8178
22.519 8213
22.5209 8247
22.527 8281
22.5289 8315
22.535 8349
22.5369 8383
22.543 8417
22.5449 8451
22.551 8484
22.5529 8517
22.559 8550
22.5609 8583
22.567 8616
22.5689 8649
22.575 8682
22.5769 8715
22.583 8747
22.5849 8779
22.591 8811
22.5929 8843
22.599 8875
22.6009 8907
22.607 8939
22.6089 8971
22.615 9003
22.6169 9034
22.623 9065
22.6249 9096
22.631 9127
22.6329 9158
22.639 9189
22.6409 9220
22.647 9251
22.6489 9282
22.655 9312
22.6569 9342
22.663 9372
22.6649 9402
22.671 9432
22.6729 9462
22.679 9492
22.6809 9522
22.687 9552
22.6889 9582
22.695 9611
22.6969 9640
22.703 9669
22.7049 9698
22.711 9727
22.7129 9756
22.719 9785
22.7209 9814
22.727 9843
22.7289 9872
22.735 9901
22.7369 9930
22.743 9958
22.7449 9986
22.751 10014
22.7529 10042
22.759 10070
22.7609 10098
22.767 10126
22.7689 10154
22.775 10182
22.7769 10210
22.783 10238
22.7849 10266
22.791 10293
22.7929 10320
22.799 10347
22.8009 10374
22.807 10401
22.8089 10428
22.815 10455
22.8169 10482
22.823 10509
22.8249 10536
22.831 10563
22.8329 10590
22.839 10617
22.8409 10644
22.847 10670
22.8489 10696
22.855 10722
22.8569 10748
22.863 10774
22.8649 10800
22.871 10826
22.8729 10852
22.879 10878
22.8809 10904
22.887 10930
22.8889 10956
22.895 10982
22.8969 11008
22.903 11034
22.9049 11060
22.911 11085
22.9129 11110
22.919 11135
22.9209 11160
22.927 11185
22.9289 11210
22.935 11235
22.9369 11260
22.943 11285
22.9449 11310
22.951 11335
22.9529 11360
22.959 11385
22.9609 11410
22.967 11435
22.9689 11460
22.975 11485
22.9769 11510
22.983 11534
22.9849 11558
22.991 11582
22.9929 11606
22.999 11630
23.0009 11654
23.007 11678
23.0089 11702
23.015 11726
23.0169 11750
23.023 11774
23.0249 11798
23.031 11822
23.0329 11846
23.039 11870
23.0409 11894
23.047 11918
23.0489 11942
23.055 11966
23.0569 11990
23.063 12013
23.0649 12036
23.071 12059
23.0729 12082
23.079 12105
23.0809 12128
23.087 12151
23.0889 12174
23.095 12197
23.0969 12220
23.103 12243
23.1049 12266
23.111 12289
23.1129 12312
23.119 12335
23.1209 12358
23.127 12381
23.1289 12404
23.135 12427
23.1369 12450
23.143 12473
23.1449 12496
23.151 12518
23.1529 12540
23.159 12562
23.1609 12584
23.167 12606
23.1689 12628
23.175 12650
23.1769 12672
23.183 12694
23.1849 12716
23.191 12738
23.1929 12760
23.199 12782
23.2009 12804
23.207 12826
23.2089 12848
23.215 12870
23.2169 12892
23.223 12914
23.2249 12936
23.231 12958
23.2329 12980
23.239 13002
23.2409 13024
23.247 13046
23.2489 13068
23.255 13089
23.2569 13110
23.263 13131
23.2649 13152
23.271 13173
23.2729 13194
23.279 13215
23.2809 13236
23.287 13257
23.2889 13278
23.295 13299
23.2969 13320
23.303 13341
23.3049 13362
23.311 13383
23.3129 13404
23.319 13425
23.3209 13446
23.327 13467
23.3289 13488
23.335 13509
23.3369 13530
23.343 13551
23.3449 13572
23.351 13593
23.3529 13614
23.359 13635
23.3609 13656
23.367 13677
23.3689 13698
23.375 13718
23.3769 13738
23.383 13758
23.3849 13778
23.391 13798
23.3929 13818
23.399 13838
23.4009 13858
23.407 13878
23.4089 13898
23.415 13918
23.4169 13938
23.423 13958
23.4249 13978
23.431 13998
23.4329 14018
23.439 14038
23.4409 14058
23.447 14078
23.4489 14098
23.455 14118
23.4569 14138
23.463 14158
23.4649 14178
23.471 14198
23.4729 14218
23.479 14238
23.4809 14258
23.487 14278
23.4889 14298
23.495 14318
23.4969 14338
23.503 14358
23.5049 14378
23.511 14397
23.5129 14416
23.519 14435
23.5209 14454
23.527 14473
23.5289 14492
23.535 14511
23.5369 14530
23.543 14549
23.5449 14568
23.551 14587
23.5529 14606
23.559 14625
23.5609 14644
23.567 14663
23.5689 14682
23.575 14701
23.5769 14720
23.583 14739
23.5849 14758
23.591 14777
23.5929 14796
23.599 14815
23.6009 14834
23.607 14853
23.6089 14872
23.615 14891
23.6169 14910
23.623 14929
23.6249 14948
23.631 14967
23.6329 14986
23.639 15005
23.6409 15024
23.647 15043
23.6489 15062
23.655 15081
23.6569 15100
23.663 15119
23.6649 15138
23.671 15156
23.6729 15174
23.679 15192
23.6809 15210
23.687 15228
23.6889 15246
23.695 15264
23.6969 15282
23.703 15300
23.7049 15318
23.711 15336
23.7129 15354
23.719 15372
23.7209 15390
23.727 15408
23.7289 15426
23.7369 1196
23.7536 1436
23.7616 1636
23.7696 1811
23.7766 1969
23.7836 2114
23.7907 2249
23.7977 2376
23.7996 2496
23.8057 2611
23.8076 2721
23.8136 2826
23.8155 2927
23.8207 3025
23.8226 3119
23.8277 3211
23.8296 3300
23.8347 3387
23.8366 3471
23.8385 3553
23.8427 3633
23.8446 3712
23.8465 3789
23.8507 3864
23.8526 3938
23.855 4010
23.8577 4081
23.863 4151
23.8649 4220
23.871 4288
23.8729 4355
23.879 4420
23.8809 4484
23.887 4548
23.8889 4611
23.895 4673
23.8969 4734
23.903 4794
23.9049 4853
23.911 4912
23.9129 4970
23.919 5027
23.9209 5084
23.927 5140
23.9289 5195
23.935 5250
23.9369 5304
23.943 5358
23.9449 5411
23.951 5464
23.9529 5516
23.959 5568
23.9609 5619
23.967 5670
23.9689 5720
23.975 5770
23.9769 5819
23.983 5868
23.9849 5916
23.991 5964
23.9929 6012
24.0009 1196
24.0176 1436
24.0256 1636
24.0336 1811
24.0406 1969
24.0476 2114
24.0547 2249
24.0617 2376
24.0636 2496
24.0697 2611
24.0716 2721
24.0776 2826
24.0795 2927
24.0847 3025
24.0866 3119
24.0917 3211
24.0936 3300
24.0987 3387
24.1006 3471
24.1025 3553
24.1067 3633
24.1086 3712
24.1105 3789
24.1147 3864
24.1166 3938
24.119 4010
24.1217 4081
24.127 4151
24.1289 4220
24.135 4288
24.1369 4355
24.143 4420
24.151 1072
24.1651 1340
24.1731 1554
24.1811 1738
24.189 1903
24.1961 2053
24.2031 2192
24.2101 2323
24.212 2446
24.2181 2563
24.22 2675
24.2261 2782
24.228 2885
24.234 2984
24.2359 3080
24.2411 3173
24.243 3263
24.2481 3351
24.25 3436
24.2519 3519
24.2561 3600
24.258 3679
24.2599 3757
24.2641 3833
24.2659 3907
24.2678 3980
24.2711 4052
24.273 4122
24.2748 4191
24.28 4259
24.2816 4326
24.288 4392
24.2896 4457
24.296 4521
24.2976 4584
24.304 4646
24.3056 4707
24.312 4768
24.3136 4828
24.32 4887
24.3216 4945
24.328 5003
24.3296 5060
24.336 5116
24.3376 5172
24.344 5227
24.3456 5281
24.352 5335
24.3536 5388
24.36 5441
24.3616 5493
24.368 5545
24.3696 5596
24.376 5647
24.3776 5697
24.384 5747
24.3856 5796
24.392 5845
24.3936 5894
24.4 5942
24.4016 5990
24.408 6037
24.4096 6084
24.416 6131
24.4176 6177
24.424 6223
24.4256 6269
24.432 6314
24.4336 6359
24.44 6404
24.4416 6448
24.448 6492
24.4496 6536
24.456 6579
24.4576 6622
24.464 6665
24.4656 6708
24.472 6750
24.4736 6792
24.48 6834
24.4816 6876
24.488 6917
24.4896 6958
24.496 6999
24.4976 7040
24.504 7080
24.5056 7120
24.512 7160
24.5136 7200
24.52 7239
24.5216 7278
24.528 7317
24.5296 7356
24.536 7395
24.5376 7433
24.544 7471
24.5456 7509
24.552 7547
24.5536 7585
24.56 7622
24.5616 7659
24.568 7696
24.5696 7733
24.576 7770
24.5776 7806
24.584 7842
24.5856 7878
24.592 7914
24.5936 7950
24.6 7986
24.6016 8021
24.608 8056
24.6096 8091
24.616 8126
24.6176 8161
24.624 8196
24.6256 8231
24.632 8265
24.6336 8299
24.64 8333
24.6416 8367
24.648 8401
24.6496 8435
24.656 8469
24.6576 8502
24.664 8535
24.6656 8568
24.672 8601
24.6736 8634
24.68 8667
24.6816 8700
24.688 8733
24.6896 8765
24.696 8797
24.6976 8829
24.704 8861
24.7056 8893
24.712 8925
24.7136 8957
24.72 8989
24.7216 9020
24.728 9051
24.7296 9082
24.736 9113
24.7376 9144
24.744 9175
24.7456 9206
24.752 9237
24.7536 9268
24.76 9298
24.7616 9328
24.768 9358
24.7696 9388
24.776 9418
24.7776 9448
24.784 9478
24.7856 9508
24.792 9538
24.7936 9568
24.8 9598
24.8016 9627
24.808 9656
24.8096 9685
24.816 9714
24.8176 9743
24.824 9772
24.8256 9801
24.832 9830
24.8336 9859
24.84 9888
24.8416 9917
24.848 9945
24.8496 9973
24.856 10001
24.8576 10029
24.864 10057
24.8656 10085
24.872 10113
24.8736 10141
24.88 10169
24.8816 10197
24.888 10225
24.8896 10253
24.896 10281
24.8976 10308
24.904 10335
24.9056 10362
24.912 10389
24.9136 10416
24.92 10443
24.9216 10470
24.9289 10497
24.935 1072
24.9491 1340
24.9571 1554
24.9651 1738
24.973 1903
24.9801 2053
24.9871 2192
24.9941 2323
24.996 2446
