1.00693	536
1.01851	1072
1.03438	1608
1.05026	2144
1.06141	2680
1.07085	3216
1.08029	3752
1.08973	4288
1.09917	4824
1.10861	5360
1.11805	5896
1.12749	6432
1.13693	6968
1.14637	7504
1.15581	8040
1.16525	8576
1.17469	9112
1.18413	9648
1.20307	4288
1.29269	4355
1.30213	4420
1.31157	4484
1.32101	4548
1.33045	4611
1.33989	4673
1.34933	4734
1.35877	4794
1.36821	4853
1.37765	4912
1.38709	4970
1.39653	5027
1.40597	5084
1.41541	5140
1.42485	5195
1.43429	5250
1.44373	5304
1.45317	5358
1.46261	5411
1.47205	5464
1.48149	5516
1.49093	5568
1.50987	2144
1.58061	2278
1.59005	2404
1.59949	2523
1.60893	2636
1.61837	2744
1.62781	2848
1.63725	2948
1.64669	3045
1.65613	3139
1.66557	3230
1.67501	3318
1.68445	3404
1.69389	3488
1.70333	3570
1.71277	3650
1.72221	3728
1.73165	3805
1.74109	3880
1.75053	3954
1.75997	4026
1.76941	4097
1.77885	4167
1.78829	4235
1.79773	4302
1.80717	4368
1.81661	4433
1.82605	4497
1.83549	4560
1.84493	4623
1.85437	4685
1.86381	4746
1.87325	4806
1.88269	4865
1.89213	4924
1.90157	4982
1.91101	5039
1.92045	5096
1.92989	5152
1.93933	5207
1.94877	5262
1.95821	5316
1.96765	5370
1.97709	5423
1.98653	5475
1.99597	5527
2.00541	5578
2.01485	5629
2.02429	5680
2.03373	5730
2.04317	5780
2.05261	5829
2.06205	5878
2.07149	5926
2.08093	5974
2.09037	6022
2.09981	6069
2.10925	6116
2.11869	6162
2.12813	6208
2.13757	6254
2.14701	6299
2.15645	6344
2.16589	6389
2.17533	6433
2.18477	6477
2.19421	6521
2.20365	6565
2.21309	6608
2.22253	6651
2.23197	6694
2.24141	6736
2.25085	6778
2.26029	6820
2.26973	6862
2.27917	6903
2.28861	6944
2.29805	6985
2.30749	7026
2.31693	7066
2.32637	7106
2.33581	7146
2.34525	7186
2.35469	7225
2.36413	7264
2.37357	7303
2.38301	7342
2.39245	7381
2.40189	7419
2.41133	7457
2.42077	7495
2.43021	7533
2.43965	7571
2.44909	7608
2.45853	7645
2.46797	7682
2.47741	7719
2.48685	7756
2.49629	7793
2.50573	7829
2.51517	7865
2.52461	7901
2.53405	7937
2.54349	7973
2.55293	8009
2.56237	8044
2.57181	8079
2.58125	8114
2.59069	8149
2.60013	8184
2.60957	8219
2.61901	8253
2.62845	8287
2.63789	8321
2.64733	8355
2.65677	8389
2.66621	8423
2.67565	8457
2.68509	8490
2.69453	8523
2.70397	8556
2.71341	8589
2.72285	8622
2.73229	8655
2.74173	8688
2.75117	8721
2.76061	8753
2.77005	8785
2.79378	3752
2.88339	1340
2.92758	1554
2.94346	1738
2.95933	1903
2.97048	2053
2.98163	2192
2.99278	2323
3.00222	2446
3.01166	2563
3.0211	2675
3.03054	2782
3.03998	2885
3.04942	2984
3.05886	3080
3.0683	3173
3.07774	3263
3.08718	3351
3.09662	3436
3.10606	3519
3.1155	3600
3.12494	3679
3.13438	3757
3.14382	3833
3.15326	3907
3.1627	3980
3.17214	4052
3.18158	4122
3.19102	4191
3.20046	4259
3.2099	4326
3.21934	4392
3.22878	4457
3.23822	4521
3.24766	4584
3.2571	4646
3.26654	4707
3.27598	4768
3.28542	4828
3.29486	4887
3.3043	4945
3.31374	5003
3.32318	5060
3.33262	5116
3.34206	5172
3.3515	5227
3.36094	5281
3.37038	5335
3.37982	5388
3.38926	5441
3.3987	5493
3.40814	5545
3.41758	5596
3.42702	5647
3.43646	5697
3.4459	5747
3.45534	5796
3.46478	5845
3.47422	5894
3.48366	5942
3.4931	5990
3.50254	6037
3.51198	6084
3.52142	6131
3.53086	6177
3.5403	6223
3.54974	6269
3.55918	6314
3.56862	6359
3.57806	6404
3.5875	6448
3.59694	6492
3.60638	6536
3.61582	6579
3.62526	6622
3.6347	6665
3.64414	6708
3.65358	6750
3.66302	6792
3.67246	6834
3.6819	6876
3.69134	6917
3.70078	6958
3.71022	6999
3.71966	7040
3.7291	7080
3.73854	7120
3.74798	7160
3.75742	7200
3.76686	7239
3.7763	7278
3.78574	7317
3.79518	7356
3.80462	7395
3.81406	7433
3.8235	7471
3.83294	7509
3.84238	7547
3.85182	7585
3.86126	7622
3.8707	7659
3.88014	7696
3.88958	7733
3.89902	7770
3.90846	7806
3.9179	7842
3.92734	7878
3.93678	7914
3.94622	7950
3.95566	7986
3.9651	8021
3.97454	8056
3.98398	8091
3.99342	8126
4.00286	8161
4.0123	8196
4.02174	8231
4.03118	8265
4.04062	8299
4.05006	8333
4.0595	8367
4.06894	8401
4.07838	8435
4.08782	8469
4.09726	8502
4.1067	8535
4.11614	8568
4.12558	8601
4.13502	8634
4.14446	8667
4.1539	8700
4.16334	8733
4.17278	8765
4.18222	8797
4.19166	8829
4.2011	8861
4.21054	8893
4.21998	8925
4.22942	8957
4.23886	8989
4.2483	9020
4.25774	9051
4.26718	9082
4.27662	9113
4.28606	9144
4.2955	9175
4.30494	9206
4.31438	9237
4.32382	9268
4.33326	9298
4.3427	9328
4.35214	9358
4.36158	9388
4.37102	9418
4.38046	9448
4.3899	9478
4.39934	9508
4.40878	9538
4.41822	9568
4.42766	9598
4.4371	9627
4.44654	9656
4.45598	9685
4.46542	9714
4.47486	9743
4.4843	9772
4.49374	9801
4.50318	9830
4.51262	9859
4.52206	9888
4.5315	9917
4.54094	9945
4.55038	9973
4.55982	10001
4.56926	10029
4.5787	10057
4.58814	10085
4.59758	10113
4.60702	10141
4.61646	10169
4.6259	10197
4.63534	10225
4.64478	10253
4.65422	10281
4.66366	10308
4.6731	10335
4.68254	10362
4.69198	10389
4.70142	10416
4.71086	10443
4.7203	10470
4.72974	10497
4.73918	10524
4.74862	10551
4.75806	10578
4.7675	10605
4.77694	10632
4.78638	10659
4.79582	10685
4.80526	10711
4.8147	10737
4.82414	10763
4.83358	10789
4.84302	10815
4.85246	10841
4.8619	10867
4.87134	10893
4.88078	10919
4.89022	10945
4.89966	10971
4.9091	10997
4.91854	11023
4.92798	11049
4.93742	11075
4.94686	11100
4.9563	11125
4.96574	11150
4.97518	11175
4.98462	11200
4.99406	11225
5.0035	11250
5.01294	11275
5.02238	11300
5.03182	11325
5.04126	11350
5.0507	11375
5.06014	11400
5.06958	11425
5.07902	11450
5.08846	11475
5.0979	11500
5.10734	11524
5.11678	11548
5.12622	11572
5.13566	11596
5.1451	11620
5.15454	11644
5.16398	11668
5.17342	11692
5.18286	11716
5.1923	11740
5.20174	11764
5.21118	11788
5.22062	11812
5.23006	11836
5.2395	11860
5.24894	11884
5.25838	11908
5.26782	11932
5.27726	11956
5.2867	11980
5.29614	12003
5.30558	12026
5.31502	12049
5.32446	12072
5.3339	12095
5.34334	12118
5.35278	12141
5.36222	12164
5.37166	12187
5.3811	12210
5.39054	12233
5.39998	12256
5.40942	12279
5.41886	12302
5.4283	12325
5.43774	12348
5.44718	12371
5.45662	12394
5.46606	12417
5.4755	12440
5.48494	12463
5.49438	12486
5.50382	12509
5.51326	12531
5.5227	12553
5.53214	12575
5.54158	12597
5.55102	12619
5.56046	12641
5.5699	12663
5.57934	12685
5.58878	12707
5.59822	12729
5.60766	12751
5.6171	12773
5.62654	12795
5.63598	12817
5.64542	12839
5.65486	12861
5.6643	12883
5.67374	12905
5.68318	12927
5.69262	12949
5.70206	12971
5.7115	12993
5.72094	13015
5.73038	13037
5.73982	13059
5.74926	13080
5.7587	13101
5.76814	13122
5.77758	13143
5.78702	13164
5.79646	13185
5.8059	13206
5.81534	13227
5.82478	13248
5.83422	13269
5.84366	13290
5.8531	13311
5.86254	13332
5.87198	13353
5.88142	13374
5.89086	13395
5.9003	13416
5.90974	13437
5.91918	13458
5.92862	13479
5.93806	13500
5.9475	13521
5.95694	13542
5.96638	13563
5.97582	13584
5.98526	13605
5.9947	13626
6.00414	13647
6.01358	13668
6.02302	13689
6.03246	13709
6.0419	13729
6.05134	13749
6.06078	13769
6.07022	13789
6.07966	13809
6.0891	13829
6.09854	13849
6.10798	13869
6.11742	13889
6.12686	13909
6.1363	13929
6.14574	13949
6.15518	13969
6.16462	13989
6.17406	14009
6.1835	14029
6.19294	14049
6.20238	14069
6.21182	14089
6.22126	14109
6.2307	14129
6.24014	14149
6.24958	14169
6.25902	14189
6.26846	14209
6.2779	14229
6.28734	14249
6.29678	14269
6.30622	14289
6.31566	14309
6.3251	14329
6.33454	14349
6.34398	14369
6.35342	14388
6.36286	14407
6.3723	14426
6.38174	14445
6.39118	14464
6.40062	14483
6.41006	14502
6.4195	14521
6.42894	14540
6.43838	14559
6.44782	14578
6.45726	14597
6.4667	14616
6.47614	14635
6.48558	14654
6.49502	14673
6.50446	14692
6.5139	14711
6.52813	14730
6.53757	6700
6.66966	6742
6.6791	6784
6.68854	6826
6.69798	6868
6.70742	6909
6.71686	6950
6.7263	6991
6.73574	7032
6.74518	7072
6.75462	7112
6.76406	7152
6.7735	7192
6.78294	7231
6.79238	7270
6.80182	7309
6.81126	7348
6.8207	7387
6.83014	7425
6.83958	7463
6.84902	7501
6.85846	7539
6.8679	7577
6.87734	7614
6.88678	7651
6.89622	7688
6.90566	7725
6.9151	7762
6.92454	7799
6.93398	7835
6.94342	7871
6.95286	7907
6.9623	7943
6.97174	7979
6.98118	8015
6.99062	8050
7.00006	8085
7.0095	8120
7.01894	8155
7.02838	8190
7.03782	8225
7.04726	8259
7.0567	8293
7.06614	8327
7.07558	8361
7.08502	8395
7.09446	8429
7.1039	8463
7.11334	8496
7.12278	8529
7.13222	8562
7.14166	8595
7.1511	8628
7.16054	8661
7.16998	8694
7.17942	8727
7.18886	8759
7.1983	8791
7.20774	8823
7.21718	8855
7.22662	8887
7.23606	8919
7.2455	8951
7.25494	8983
7.26917	9014
7.27861	3752
7.35878	3828
7.36822	3903
7.37766	3976
7.3871	4048
7.39654	4118
7.40598	4187
7.41542	4255
7.42486	4322
7.4343	4388
7.44374	4453
7.45318	4517
7.46262	4580
7.47206	4642
7.4815	4703
7.49094	4764
7.50038	4824
7.50982	4883
7.51926	4941
7.5287	4999
7.53814	5056
7.54758	5112
7.55702	5168
7.56646	5223
7.5759	5278
7.58534	5332
7.59478	5385
7.60422	5438
7.61366	5490
7.6231	5542
7.63254	5593
7.64198	5644
7.65142	5694
7.66086	5744
7.6703	5794
7.67974	5843
7.68918	5892
7.69862	5940
7.70806	5988
7.7175	6035
7.72694	6082
7.73638	6129
7.74582	6175
7.75526	6221
7.7647	6267
7.77414	6312
7.78358	6357
7.79302	6402
7.80246	6446
7.8119	6490
7.82134	6534
7.83078	6577
7.84022	6620
7.84966	6663
7.8591	6706
7.86854	6748
7.87798	6790
7.88742	6832
7.89686	6874
7.9063	6915
7.91574	6956
7.92518	6997
7.93462	7038
7.94406	7078
7.9535	7118
7.96294	7158
7.97238	7198
7.98182	7237
7.99126	7276
8.0007	7315
8.01014	7354
8.01958	7393
8.02902	7431
8.03846	7469
8.0479	7507
8.05734	7545
8.06678	7583
8.07622	7620
8.08566	7657
8.0951	7694
8.10454	7731
8.11398	7768
8.12342	7804
8.13286	7840
8.1423	7876
8.15174	7912
8.16118	7948
8.17062	7984
8.18006	8019
8.1895	8054
8.19894	8089
8.20838	8124
8.21782	8159
8.22726	8194
8.2367	8229
8.24614	8263
8.25558	8297
8.26502	8331
8.27446	8365
8.2839	8399
8.29334	8433
8.30757	8467
8.31701	3484
8.39718	3566
8.40662	3646
8.42078	3724
8.43022	3801
8.43966	3876
8.4491	3950
8.45854	4022
8.46798	4093
8.47742	4163
8.48686	4232
8.4963	4299
8.50574	4365
8.51518	4430
8.52462	4494
8.53406	4557
8.5435	4620
8.55294	4682
8.56238	4743
8.57182	4803
8.58126	4862
8.5907	4921
8.60014	4979
8.60958	5036
8.61902	5093
8.62846	5149
8.6379	5204
8.64734	5259
8.65678	5313
8.66622	5367
8.67566	5420
8.6851	5473
8.69454	5525
8.70398	5576
8.71342	5627
8.72286	5678
8.7323	5728
8.74174	5778
8.75118	5827
8.76062	5876
8.77006	5924
8.7795	5972
8.78894	6020
8.79838	6067
8.80782	6114
8.81726	6160
8.8267	6206
8.83614	6252
8.84558	6297
8.85502	6342
8.86446	6387
8.8739	6431
8.88334	6475
8.89278	6519
8.90222	6563
8.91166	6606
8.9211	6649
8.93054	6692
8.93998	6734
8.94942	6776
8.95886	6818
8.9683	6860
8.97774	6901
8.98718	6942
8.99662	6983
9.00606	7024
9.0155	7064
9.02494	7104
9.03438	7144
9.04382	7184
9.05326	7223
9.0627	7262
9.07214	7301
9.08158	7340
9.09102	7379
9.10046	7417
9.1099	7455
9.11934	7493
9.12878	7531
9.13822	7569
9.14766	7606
9.1571	7643
9.16654	7680
9.17598	7717
9.18542	7754
9.19486	7791
9.21381	3216
9.28454	3305
9.29398	3391
9.30342	3475
9.31286	3557
9.3223	3637
9.33174	3715
9.34118	3792
9.35062	3867
9.36006	3941
9.3695	4013
9.37894	4084
9.38838	4154
9.39782	4223
9.40726	4291
9.4167	4357
9.42614	4422
9.43558	4486
9.44502	4550
9.45446	4613
9.4639	4675
9.47334	4736
9.48278	4796
9.49222	4855
9.50166	4914
9.5111	4972
9.52054	5029
9.52998	5086
9.53942	5142
9.54886	5197
9.5583	5252
9.56774	5306
9.57718	5360
9.58662	5413
9.59606	5466
9.6055	5518
9.61494	5570
9.62438	5621
9.63382	5672
9.64326	5722
9.6527	5772
9.66214	5821
9.67158	5870
9.68102	5918
9.69046	5966
9.6999	6014
9.70934	6061
9.71878	6108
9.72822	6155
9.73766	6201
9.7471	6247
9.75654	6292
9.76598	6337
9.77542	6382
9.78486	6427
9.7943	6471
9.80374	6515
9.81318	6559
9.82262	6602
9.83206	6645
9.8415	6688
9.85094	6730
9.86038	6772
9.86982	6814
9.87926	6856
9.8887	6897
9.89814	6938
9.90758	6979
9.91702	7020
9.92646	7060
9.9359	7100
9.94534	7140
9.95478	7180
9.96422	7220
9.97366	7259
9.9831	7298
9.99254	7337
10.002	7376
10.0114	7414
10.0209	7452
10.0303	7490
10.0397	7528
10.0492	7566
10.0586	7603
10.0681	7640
10.0775	7677
10.0869	7714
10.0964	7751
10.1058	7788
10.1153	7824
10.1247	7860
10.1341	7896
10.1436	7932
10.153	7968
10.1625	8004
10.1719	8039
10.1813	8074
10.1908	8109
10.2002	8144
10.2097	8179
10.2191	8214
10.2285	8248
10.238	8282
10.2474	8316
10.2569	8350
10.2663	8384
10.2757	8418
10.2852	8452
10.2946	8485
10.3041	8518
10.3135	8551
10.3229	8584
10.3324	8617
10.3418	8650
10.3513	8683
10.3607	8716
10.3701	8748
10.3796	8780
10.389	8812
10.3985	8844
10.4079	8876
10.4173	8908
10.4268	8940
10.4362	8972
10.4457	9004
10.4551	9035
10.4645	9066
10.474	9097
10.4834	9128
10.4929	9159
10.5023	9190
10.5117	9221
10.5212	9252
10.5306	9283
10.5401	9313
10.5495	9343
10.5589	9373
10.5684	9403
10.5778	9433
10.5873	9463
10.5967	9493
10.6061	9523
10.6156	9553
10.625	9583
10.6345	9612
10.6439	9641
10.6533	9670
10.6628	9699
10.6722	9728
10.6912	4288
10.7808	4355
10.7902	4420
10.7997	4484
10.8091	4548
10.8185	4611
10.828	4673
10.8374	4734
10.8469	4794
10.8563	4853
10.8657	4912
10.8752	4970
10.8846	5027
10.8941	5084
10.9035	5140
10.9129	5195
10.9224	5250
10.9318	5304
10.9413	5358
10.9507	5411
10.9601	5464
10.9696	5516
10.979	5568
10.9885	5619
10.9979	5670
11.0073	5720
11.0168	5770
11.0262	5819
11.0357	5868
11.0451	5916
11.0545	5964
11.064	6012
11.0734	6059
11.0829	6106
11.0923	6153
11.1017	6199
11.1112	6245
11.1206	6291
11.1301	6336
11.1395	6381
11.1489	6426
11.1584	6470
11.1678	6514
11.1773	6558
11.1867	6601
11.1961	6644
11.2056	6687
11.215	6729
11.2245	6771
11.2339	6813
11.2433	6855
11.2528	6896
11.2622	6937
11.2717	6978
11.2811	7019
11.2905	7059
11.3	7099
11.3094	7139
11.3189	7179
11.3283	7219
11.3377	7258
11.3472	7297
11.3566	7336
11.3661	7375
11.3755	7413
11.3849	7451
11.3944	7489
11.4038	7527
11.4133	7565
11.4227	7602
11.4321	7639
11.4416	7676
11.451	7713
11.4605	7750
11.4699	7787
11.4793	7823
11.4888	7859
11.4982	7895
11.5077	7931
11.5171	7967
11.5265	8003
11.536	8038
11.5454	8073
11.5549	8108
11.5643	8143
11.5737	8178
11.5832	8213
11.5926	8247
11.6021	8281
11.6115	8315
11.6209	8349
11.6304	8383
11.6398	8417
11.6493	8451
11.6587	8484
11.6681	8517
11.6776	8550
11.687	8583
11.6965	8616
11.7059	8649
11.7153	8682
11.7248	8715
11.7342	8747
11.7437	8779
11.7531	8811
11.7625	8843
11.772	8875
11.7814	8907
11.7909	8939
11.8003	8971
11.8097	9003
11.8192	9034
11.8286	9065
11.8381	9096
11.8475	9127
11.8569	9158
11.8664	9189
11.8758	9220
11.8853	9251
11.8947	9282
11.9041	9312
11.9136	9342
11.923	9372
11.9325	9402
11.9419	9432
11.9513	9462
11.9608	9492
11.9702	9522
11.9797	9552
11.9891	9582
11.9985	9611
12.008	9640
12.0174	9669
12.0269	9698
12.0363	9727
12.0457	9756
12.0552	9785
12.0646	9814
12.0741	9843
12.0835	9872
12.0929	9901
12.1024	9930
12.1118	9958
12.1213	9986
12.1307	10014
12.1401	10042
12.1496	10070
12.159	10098
12.1685	10126
12.1779	10154
12.1873	10182
12.1968	10210
12.2062	10238
12.2157	10266
12.2251	10293
12.2345	10320
12.244	10347
12.2534	10374
12.2629	10401
12.2723	10428
12.2817	10455
12.2912	10482
12.3006	10509
12.3101	10536
12.3195	10563
12.3289	10590
12.3384	10617
12.3478	10644
12.3573	10670
12.3667	10696
12.3761	10722
12.3856	10748
12.395	10774
12.4045	10800
12.4139	10826
12.4233	10852
12.4328	10878
12.4422	10904
12.4517	10930
12.4611	10956
12.4705	10982
12.48	11008
12.4894	11034
12.4989	11060
12.5083	11085
12.5177	11110
12.5272	11135
12.5366	11160
12.5461	11185
12.5555	11210
12.5649	11235
12.5744	11260
12.5838	11285
12.5933	11310
12.6027	11335
12.6121	11360
12.6216	11385
12.631	11410
12.6405	11435
12.6594	5092
12.7632	5148
12.7726	5203
12.7821	5258
12.7915	5312
12.8009	5366
12.8104	5419
12.8198	5472
12.8293	5524
12.8387	5576
12.8481	5627
12.8576	5678
12.867	5728
12.8765	5778
12.8859	5827
12.8953	5876
12.9048	5924
12.9142	5972
12.9237	6020
12.9331	6067
12.9425	6114
12.952	6160
12.9614	6206
12.9709	6252
12.9803	6297
12.9897	6342
12.9992	6387
13.0086	6431
13.0181	6475
13.0275	6519
13.0369	6563
13.0464	6606
13.0558	6649
13.0653	6692
13.0747	6734
13.0841	6776
13.0936	6818
13.1078	6860
13.1172	2680
13.1785	2787
13.188	2890
13.1974	2989
13.2069	3085
13.2163	3178
13.2257	3268
13.2352	3355
13.2446	3440
13.2541	3523
13.273	1072
13.3078	1340
13.3236	1554
13.3395	1738
13.3554	1903
13.3665	2053
13.3777	2192
13.3888	2323
13.3983	2446
13.4077	2563
13.4172	2675
13.4266	2782
13.436	2885
13.4455	2984
13.4549	3080
13.4644	3173
13.4786	3263
13.488	1072
13.5228	1340
13.5386	1554
13.5545	1738
13.5704	1903
13.5815	2053
13.5927	2192
13.6038	2323
13.6133	2446
13.6227	2563
13.6322	2675
13.6416	2782
13.651	2885
13.6605	2984
13.6699	3080
13.6794	3173
13.6888	3263
13.6982	3351
13.7077	3436
13.7171	3519
13.7266	3600
13.736	3679
13.7454	3757
13.7549	3833
13.7643	3907
13.7738	3980
13.7832	4052
13.7926	4122
13.8021	4191
13.8115	4259
13.821	4326
13.8304	4392
13.8398	4457
13.8493	4521
13.8587	4584
13.8682	4646
13.8776	4707
13.887	4768
13.8965	4828
13.9059	4887
13.9154	4945
13.9248	5003
13.9342	5060
13.9437	5116
13.9531	5172
13.9626	5227
13.972	5281
13.9814	5335
13.9909	5388
14.0003	5441
14.0098	5493
14.0192	5545
14.0286	5596
14.0381	5647
14.0475	5697
14.057	5747
14.0664	5796
14.0758	5845
14.0853	5894
14.0947	5942
14.1042	5990
14.1136	6037
14.123	6084
14.1325	6131
14.1419	6177
14.1514	6223
14.1608	6269
14.1702	6314
14.1797	6359
14.1891	6404
14.1986	6448
14.208	6492
14.2174	6536
14.2269	6579
14.2363	6622
14.2458	6665
14.2552	6708
14.2646	6750
14.2741	6792
14.2835	6834
14.293	6876
14.3024	6917
14.3118	6958
14.3213	6999
14.3307	7040
14.3402	7080
14.3496	7120
14.359	7160
14.3685	7200
14.3779	7239
14.3874	7278
14.3968	7317
14.4062	7356
14.4157	7395
14.4251	7433
14.4346	7471
14.444	7509
14.4534	7547
14.4629	7585
14.4723	7622
14.4818	7659
14.4912	7696
14.5006	7733
14.5101	7770
14.5195	7806
14.529	7842
14.5384	7878
14.5478	7914
14.5573	7950
14.5667	7986
14.5762	8021
14.5856	8056
14.595	8091
14.6045	8126
14.6139	8161
14.6234	8196
14.6328	8231
14.6422	8265
14.6517	8299
14.6611	8333
14.6706	8367
14.68	8401
14.6894	8435
14.6989	8469
14.7083	8502
14.7178	8535
14.7272	8568
14.7366	8601
14.7461	8634
14.7555	8667
14.765	8700
14.7744	8733
14.7838	8765
14.7933	8797
14.8027	8829
14.8122	8861
14.8216	8893
14.831	8925
14.8405	8957
14.8499	8989
14.8594	9020
14.8688	9051
14.8782	9082
14.8877	9113
14.8971	9144
14.9066	9175
14.916	9206
14.9254	9237
14.9349	9268
14.9443	9298
14.9538	9328
14.9727	4020
15.0576	4091
15.067	4161
15.0813	4230
15.0907	1340
15.1302	1554
15.146	1738
15.1619	1903
15.1731	2053
15.1842	2192
15.1954	2323
15.2048	2446
15.2143	2563
15.2237	2675
15.2331	2782
15.2426	2885
15.2568	2984
15.271	1072
15.3058	1340
15.3216	1554
15.3375	1738
15.3534	1903
15.3645	2053
15.3757	2192
15.3868	2323
15.3963	2446
15.4057	2563
15.4152	2675
15.4246	2782
15.434	2885
15.4435	2984
15.4529	3080
15.4624	3173
15.4718	3263
15.4812	3351
15.4907	3436
15.5001	3519
15.5096	3600
15.519	3679
15.5284	3757
15.5379	3833
15.5473	3907
15.5568	3980
15.5662	4052
15.5756	4122
15.5851	4191
15.5945	4259
15.604	4326
15.6134	4392
15.6228	4457
15.6323	4521
15.6417	4584
15.6512	4646
15.6606	4707
15.67	4768
15.6795	4828
15.6889	4887
15.6984	4945
15.7078	5003
15.7172	5060
15.7267	5116
15.7361	5172
15.7456	5227
15.755	5281
15.7644	5335
15.7739	5388
15.7833	5441
15.7928	5493
15.8022	5545
15.8116	5596
15.8211	5647
15.8305	5697
15.84	5747
15.8494	5796
15.8588	5845
15.8683	5894
15.8777	5942
15.8872	5990
15.8966	6037
15.906	6084
15.9155	6131
15.9249	6177
15.9344	6223
15.9438	6269
15.9532	6314
15.9627	6359
15.9721	6404
15.9816	6448
15.991	6492
16.0004	6536
16.0099	6579
16.0193	6622
16.0288	6665
16.0382	6708
16.0476	6750
16.0571	6792
16.0665	6834
16.076	6876
16.0854	6917
16.0948	6958
16.1091	6999
16.1185	2948
16.1892	3045
16.1987	3139
16.2081	3230
16.2176	3318
16.227	3404
16.2364	3488
16.2459	3570
16.2553	3650
16.2648	3728
16.2742	3805
16.2836	3880
16.2931	3954
16.3025	4026
16.3215	1340
16.3609	1554
16.3768	1738
16.3927	1903
16.4038	2053
16.415	2192
16.4261	2323
16.4356	2446
16.445	2563
16.4545	2675
16.4639	2782
16.4733	2885
16.4828	2984
16.4922	3080
16.5017	3173
16.5111	3263
16.5205	3351
16.53	3436
16.5394	3519
16.5489	3600
16.5583	3679
16.5677	3757
16.5772	3833
16.5866	3907
16.5961	3980
16.6055	4052
16.6149	4122
16.6244	4191
16.6338	4259
16.6433	4326
16.6527	4392
16.6621	4457
16.6716	4521
16.681	4584
16.6905	4646
16.6999	4707
16.7093	4768
16.7188	4828
16.7282	4887
16.7377	4945
16.7471	5003
16.7565	5060
16.766	5116
16.7754	5172
16.7849	5227
16.7943	5281
16.8037	5335
16.8132	5388
16.8226	5441
16.8321	5493
16.8415	5545
16.8509	5596
16.8604	5647
16.8698	5697
16.8793	5747
16.8887	5796
16.8981	5845
16.9076	5894
16.917	5942
16.9265	5990
16.9359	6037
16.9453	6084
16.9548	6131
16.9642	6177
16.9737	6223
16.9831	6269
16.9925	6314
17.002	6359
17.0114	6404
17.0209	6448
17.0303	6492
17.0397	6536
17.0492	6579
17.0586	6622
17.0681	6665
17.0775	6708
17.0869	6750
17.0964	6792
17.1058	6834
17.1153	6876
17.1247	6917
17.1341	6958
17.1436	6999
17.153	7040
17.1625	7080
17.1719	7120
17.1813	7160
17.1908	7200
17.2002	7239
17.2097	7278
17.2191	7317
17.2285	7356
17.238	7395
17.2474	7433
17.2569	7471
17.2663	7509
17.2757	7547
17.2852	7585
17.2946	7622
17.3041	7659
17.3135	7696
17.3229	7733
17.3324	7770
17.3418	7806
17.3513	7842
17.3607	7878
17.3701	7914
17.3796	7950
17.389	7986
17.3985	8021
17.4079	8056
17.4173	8091
17.4268	8126
17.4362	8161
17.4457	8196
17.4551	8231
17.4645	8265
17.474	8299
17.4834	8333
17.4929	8367
17.5071	8401
17.5165	3484
17.592	3566
17.6014	3646
17.6109	3724
17.6203	3801
17.6297	3876
17.6392	3950
17.6486	4022
17.6581	4093
17.6675	4163
17.6769	4232
17.6864	4299
17.6958	4365
17.7053	4430
17.7147	4494
17.7241	4557
17.7336	4620
17.743	4682
17.7525	4743
17.7619	4803
17.7713	4862
17.7808	4921
17.7902	4979
17.7997	5036
17.8091	5093
17.8185	5149
17.828	5204
17.8374	5259
17.8469	5313
17.8563	5367
17.8657	5420
17.8752	5473
17.8846	5525
17.8941	5576
17.9035	5627
17.9129	5678
17.9224	5728
17.9318	5778
17.9413	5827
17.9507	5876
17.9601	5924
17.9696	5972
17.979	6020
17.9885	6067
18.0027	6114
18.0121	2412
18.0687	2531
18.0781	2644
18.0876	2752
18.097	2856
18.1065	2956
18.1159	3053
18.1253	3147
18.1348	3238
18.1442	3326
18.1537	3412
18.1631	3496
18.1725	3578
18.182	3658
18.1914	3736
18.2009	3812
18.2103	3887
18.2197	3960
18.2292	4032
18.2386	4103
18.2481	4173
18.2575	4241
18.2669	4308
18.2764	4374
18.2858	4439
18.2953	4503
18.3047	4566
18.3141	4628
18.3236	4690
18.333	4751
18.3425	4811
18.3519	4870
18.3613	4928
18.3708	4986
18.3802	5043
18.3897	5099
18.3991	5155
18.4085	5210
18.418	5265
18.4274	5319
18.4369	5373
18.4463	5426
18.4557	5478
18.4652	5530
18.4746	5581
18.4841	5632
18.4935	5683
18.5029	5733
18.5124	5783
18.5218	5832
18.5313	5881
18.5407	5929
18.5501	5977
18.5596	6025
18.569	6072
18.5785	6119
18.5879	6165
18.5973	6211
18.6068	6257
18.6162	6302
18.6257	6347
18.6351	6392
18.6445	6436
18.654	6480
18.6634	6524
18.6729	6568
18.6823	6611
18.6917	6654
18.7012	6697
18.7106	6739
18.7201	6781
18.7295	6823
18.7389	6865
18.7484	6906
18.7578	6947
18.7673	6988
18.7767	7029
18.7861	7069
18.7956	7109
18.805	7149
18.8145	7189
18.8239	7228
18.8333	7267
18.8428	7306
18.8522	7345
18.8617	7384
18.8711	7422
18.8805	7460
18.89	7498
18.8994	7536
18.9089	7574
18.9183	7611
18.9277	7648
18.9372	7685
18.9466	7722
18.9561	7759
18.9655	7796
18.9749	7832
18.9844	7868
18.9938	7904
19.0033	7940
19.0127	7976
19.0316	3216
19.1024	3305
19.1118	3391
19.1213	3475
19.1307	3557
19.1401	3637
19.1496	3715
19.159	3792
19.1685	3867
19.1779	3941
19.1873	4013
19.1968	4084
19.2062	4154
19.2157	4223
19.2251	4291
19.2345	4357
19.244	4422
19.2534	4486
19.2629	4550
19.2723	4613
19.2817	4675
19.2912	4736
19.3006	4796
19.3101	4855
19.3195	4914
19.3289	4972
19.3384	5029
19.3478	5086
19.3573	5142
19.3667	5197
19.3761	5252
19.3856	5306
19.395	5360
19.4045	5413
19.4139	5466
19.4233	5518
19.4328	5570
19.4422	5621
19.4517	5672
19.4611	5722
19.4705	5772
19.48	5821
19.4894	5870
19.5036	5918
19.5131	2412
19.5697	2531
19.5791	2644
19.5885	2752
19.598	2856
19.6074	2956
19.6169	3053
19.6263	3147
19.6357	3238
19.6452	3326
19.6546	3412
19.6641	3496
19.6735	3578
19.6829	3658
19.6924	3736
19.7018	3812
19.7113	3887
19.7207	3960
19.7301	4032
19.7396	4103
19.749	4173
19.7585	4241
19.7679	4308
19.7773	4374
19.7868	4439
19.7962	4503
19.8057	4566
19.8151	4628
19.8245	4690
19.834	4751
19.8434	4811
19.8529	4870
19.8623	4928
19.8717	4986
19.8812	5043
19.8906	5099
19.9001	5155
19.9095	5210
19.9189	5265
19.9284	5319
19.9378	5373
19.9473	5426
19.9567	5478
19.9661	5530
19.9756	5581
19.985	5632
19.9945	5683
20.0039	5733
20.0133	5783
20.0228	5832
20.0322	5881
20.0417	5929
20.0511	5977
20.0605	6025
20.07	6072
20.0794	6119
20.0889	6165
20.0983	6211
20.1077	6257
20.1172	6302
20.1266	6347
20.1361	6392
20.1455	6436
20.1549	6480
20.1644	6524
20.1738	6568
20.1833	6611
20.1927	6654
20.2021	6697
20.2116	6739
20.221	6781
20.2305	6823
20.2399	6865
20.2493	6906
20.2588	6947
20.2682	6988
20.2777	7029
20.2871	7069
20.2965	7109
20.306	7149
20.3154	7189
20.3249	7228
20.3438	2948
20.4098	3045
20.4193	3139
20.4287	3230
20.4381	3318
20.4476	3404
20.457	3488
20.4665	3570
20.4854	1072
20.5649	1340
20.5808	1554
20.5966	1738
20.6125	1903
20.6237	2053
20.6348	2192
20.646	2323
20.6554	2446
20.6648	2563
20.6743	2675
20.6837	2782
20.6932	2885
20.7026	2984
20.712	3080
20.7215	3173
20.7309	3263
20.7404	3351
20.7498	3436
20.7592	3519
20.7687	3600
20.7781	3679
20.7876	3757
20.797	3833
20.8064	3907
20.8159	3980
20.8253	4052
20.8348	4122
20.8442	4191
20.8536	4259
20.8631	4326
20.8725	4392
20.882	4457
20.8914	4521
20.9008	4584
20.9103	4646
20.9197	4707
20.9292	4768
20.9386	4828
20.948	4887
20.9575	4945
20.9669	5003
20.9764	5060
20.9858	5116
20.9952	5172
21.0047	5227
21.0141	5281
21.0236	5335
21.033	5388
21.0424	5441
21.0519	5493
21.0613	5545
21.0708	5596
21.0802	5647
21.0896	5697
21.0991	5747
21.1085	5796
21.118	5845
21.1274	5894
21.1368	5942
21.1463	5990
21.1557	6037
21.1652	6084
21.1746	6131
21.184	6177
21.1935	6223
21.2029	6269
21.2124	6314
21.2218	6359
21.2312	6404
21.2407	6448
21.2501	6492
21.2596	6536
21.269	6579
21.2784	6622
21.2879	6665
21.2973	6708
21.3068	6750
21.3162	6792
21.3256	6834
21.3351	6876
21.3445	6917
21.354	6958
21.3634	6999
21.3728	7040
21.3823	7080
21.3917	7120
21.4012	7160
21.4106	7200
21.42	7239
21.4295	7278
21.4389	7317
21.4484	7356
21.4578	7395
21.4672	7433
21.4767	7471
21.4861	7509
21.4956	7547
21.505	7585
21.5144	7622
21.5239	7659
21.5333	7696
21.5428	7733
21.5522	7770
21.5616	7806
21.5711	7842
21.5805	7878
21.59	7914
21.5994	7950
21.6088	7986
21.6183	8021
21.6277	8056
21.6372	8091
21.6466	8126
21.656	8161
21.6655	8196
21.6749	8231
21.6844	8265
21.6938	8299
21.7032	8333
21.7127	8367
21.7221	8401
21.7316	8435
21.741	8469
21.7504	8502
21.7599	8535
21.7693	8568
21.7788	8601
21.7882	8634
21.7976	8667
21.8166	3752
21.8968	3828
21.9062	3903
21.9156	3976
21.9251	4048
21.9345	4118
21.944	4187
21.9534	4255
21.9628	4322
21.9723	4388
21.9817	4453
21.9912	4517
22.0006	4580
22.01	4642
22.0195	4703
22.0289	4764
22.0384	4824
22.0478	4883
22.0572	4941
22.0667	4999
22.0761	5056
22.0856	5112
22.095	5168
22.1044	5223
22.1139	5278
22.1233	5332
22.1328	5385
22.1422	5438
22.1516	5490
22.1611	5542
22.1705	5593
22.18	5644
22.1894	5694
22.1988	5744
22.2083	5794
22.2177	5843
22.2272	5892
22.2366	5940
22.246	5988
22.2555	6035
22.2649	6082
22.2744	6129
22.2838	6175
22.2932	6221
22.3027	6267
22.3121	6312
22.3216	6357
22.331	6402
22.3404	6446
22.3499	6490
22.3593	6534
22.3688	6577
22.3782	6620
22.3876	6663
22.3971	6706
22.4065	6748
22.416	6790
22.4254	6832
22.4348	6874
22.4443	6915
22.4537	6956
22.4632	6997
22.4726	7038
22.482	7078
22.4915	7118
22.5009	7158
22.5104	7198
22.5198	7237
22.5292	7276
22.5387	7315
22.5481	7354
22.5576	7393
22.567	7431
22.5764	7469
22.5859	7507
22.5953	7545
22.6048	7583
22.6142	7620
22.6236	7657
22.6331	7694
22.6425	7731
22.652	7768
22.6614	7804
22.6708	7840
22.6803	7876
22.6897	7912
22.6992	7948
22.7086	7984
22.718	8019
22.7275	8054
22.7369	8089
22.7464	8124
22.7558	8159
22.7652	8194
22.7747	8229
22.7841	8263
22.7936	8297
22.803	8331
22.8124	8365
22.8219	8399
22.8313	8433
22.8408	8467
22.8502	8500
22.8596	8533
22.8691	8566
22.8785	8599
22.888	8632
22.8974	8665
22.9068	8698
22.9163	8731
22.9257	8763
22.9352	8795
22.9446	8827
22.954	8859
22.9635	8891
22.9729	8923
22.9824	8955
22.9918	8987
23.0012	9018
23.0107	9049
23.0201	9080
23.0296	9111
23.039	9142
23.0484	9173
23.0579	9204
23.0673	9235
23.0768	9266
23.0862	9297
23.0956	9327
23.1051	9357
23.1145	9387
23.124	9417
23.1334	9447
23.1428	9477
23.1523	9507
23.1617	9537
23.1712	9567
23.1806	9597
23.19	9626
23.1995	9655
23.2089	9684
23.2184	9713
23.2278	9742
23.2372	9771
23.2467	9800
23.2561	9829
23.2656	9858
23.275	9887
23.2844	9916
23.2939	9944
23.3033	9972
23.3128	10000
23.3222	10028
23.3316	10056
23.3411	10084
23.3505	10112
23.36	10140
23.3694	10168
23.3788	10196
23.3883	10224
23.3977	10252
23.4072	10280
23.4166	10307
23.426	10334
23.4355	10361
23.4449	10388
23.4544	10415
23.4638	10442
23.4732	10469
23.4827	10496
23.4921	10523
23.5016	10550
23.511	10577
23.5204	10604
23.5299	10631
23.5393	10658
23.5488	10684
23.5582	10710
23.5676	10736
23.5771	10762
23.5865	10788
23.596	10814
23.6054	10840
23.6244	4824
23.7234	4883
23.7328	4941
23.7423	4999
23.7517	5056
23.7612	5112
23.7706	5168
23.78	5223
23.7895	5278
23.7989	5332
23.8084	5385
23.8178	5438
23.8272	5490
23.8367	5542
23.8461	5593
23.8556	5644
23.865	5694
23.8744	5744
23.8839	5794
23.8933	5843
23.9028	5892
23.9122	5940
23.9216	5988
23.9311	6035
23.9405	6082
23.95	6129
23.9594	6175
23.9688	6221
23.9783	6267
23.9877	6312
23.9972	6357
24.0066	6402
24.016	6446
24.0255	6490
24.0349	6534
24.0444	6577
24.0538	6620
24.0632	6663
24.0727	6706
24.0821	6748
24.0916	6790
24.101	6832
24.1104	6874
24.1199	6915
24.1293	6956
24.1388	6997
24.1482	7038
24.1576	7078
24.1671	7118
24.1765	7158
24.186	7198
24.1954	7237
24.2048	7276
24.2143	7315
24.2237	7354
24.2332	7393
24.2426	7431
24.252	7469
24.2615	7507
24.2709	7545
24.2804	7583
24.2898	7620
24.2992	7657
24.3087	7694
24.3181	7731
24.3276	7768
24.337	7804
24.3464	7840
24.3559	7876
24.3653	7912
24.3748	7948
24.3842	7984
24.3936	8019
24.4031	8054
24.4125	8089
24.422	8124
24.4314	8159
24.4408	8194
24.4503	8229
24.4597	8263
24.4692	8297
24.4786	8331
24.488	8365
24.4975	8399
24.5069	8433
24.5164	8467
24.5258	8500
24.5352	8533
24.5447	8566
24.5541	8599
24.5636	8632
24.573	8665
24.5824	8698
24.5919	8731
24.6013	8763
24.6108	8795
24.6202	8827
24.6296	8859
24.6391	8891
24.6485	8923
24.658	8955
24.6674	8987
24.6768	9018
24.6863	9049
24.6957	9080
24.7052	9111
24.7146	9142
24.724	9173
24.7335	9204
24.7429	9235
24.7524	9266
24.7618	9297
24.7712	9327
24.7807	9357
24.7901	9387
24.7996	9417
24.809	9447
24.8184	9477
24.8279	9507
24.8373	9537
24.8468	9567
24.8562	9597
24.8656	9626
24.8751	9655
24.8845	9684
24.894	9713
24.9034	9742
24.9128	9771
24.9223	9800
24.9317	9829
24.9412	9858
24.9506	9887
24.96	9916
24.9695	9944
24.9789	9972
24.9884	10000
24.9978	10028
25.0072	10056
25.0167	10084
25.0261	10112
25.0356	10140
25.045	10168
25.0544	10196
25.0639	10224
25.0733	10252
25.0828	10280
25.0922	10307
25.1016	10334
25.1111	10361
25.1205	10388
25.13	10415
25.1394	10442
25.1488	10469
25.1583	10496
25.1677	10523
25.1772	10550
25.1866	10577
25.196	10604
25.2055	10631
25.2149	10658
25.2244	10684
25.2338	10710
25.2432	10736
25.2527	10762
25.2621	10788
25.2716	10814
25.281	10840
25.2904	10866
25.2999	10892
25.3093	10918
25.3188	10944
25.3282	10970
25.3376	10996
25.3471	11022
25.3565	11048
25.366	11074
25.3754	11099
25.3848	11124
25.3943	11149
25.4037	11174
25.4132	11199
25.4226	11224
25.432	11249
25.4415	11274
25.4509	11299
25.4604	11324
25.4698	11349
25.4792	11374
25.4887	11399
25.4981	11424
25.5076	11449
25.517	11474
25.5264	11499
25.5359	11523
25.5453	11547
25.5548	11571
25.5642	11595
25.5736	11619
25.5831	11643
25.5925	11667
25.602	11691
25.6114	11715
25.6208	11739
25.6303	11763
25.6397	11787
25.6492	11811
25.6586	11835
25.668	11859
25.6775	11883
25.6869	11907
25.6964	11931
25.7058	11955
25.7152	11979
25.7247	12002
25.7341	12025
25.7436	12048
25.753	12071
25.7624	12094
25.7719	12117
25.7813	12140
25.7908	12163
25.8002	12186
25.8096	12209
25.8191	12232
25.8285	12255
25.838	12278
25.8474	12301
25.8568	12324
25.8663	12347
25.8757	12370
25.8852	12393
25.8946	12416
25.904	12439
25.9135	12462
25.9229	12485
25.9324	12508
25.9418	12530
25.9512	12552
25.9607	12574
25.9701	12596
25.9796	12618
25.989	12640
25.9984	12662
26.0079	12684
26.0173	12706
26.0268	12728
26.0362	12750
26.0456	12772
26.0551	12794
26.0645	12816
26.074	12838
26.0834	12860
26.0928	12882
26.1023	12904
26.1117	12926
26.1212	12948
26.1306	12970
26.14	12992
26.1495	13014
26.1589	13036
26.1684	13058
26.1778	13080
26.1872	13101
26.1967	13122
26.2061	13143
26.2156	13164
26.225	13185
26.2344	13206
26.2439	13227
26.2533	13248
26.2628	13269
26.2722	13290
26.2816	13311
26.2911	13332
26.3005	13353
26.31	13374
26.3194	13395
26.3336	13416
26.3431	6164
26.4657	6210
26.4752	6256
26.4846	6301
26.494	6346
26.5035	6391
26.5129	6435
26.5224	6479
26.5318	6523
26.5412	6567
26.5507	6610
26.5601	6653
26.5696	6696
26.579	6738
26.5884	6780
26.5979	6822
26.6073	6864
26.6168	6905
26.6262	6946
26.6356	6987
26.6499	7028
26.6593	2948
26.7253	3045
26.7348	3139
26.7442	3230
26.7536	3318
26.7631	3404
26.7725	3488
26.782	3570
26.7914	3650
26.8008	3728
26.8103	3805
26.8197	3880
26.8292	3954
26.8386	4026
26.848	4097
26.8575	4167
26.8669	4235
26.8764	4302
26.8858	4368
26.8952	4433
26.9047	4497
26.9141	4560
26.9236	4623
26.933	4685
26.9424	4746
26.9519	4806
26.9613	4865
26.9708	4924
26.9802	4982
26.9896	5039
26.9991	5096
27.0085	5152
27.018	5207
27.0274	5262
27.0368	5316
27.0463	5370
27.0557	5423
27.0652	5475
27.0746	5527
27.084	5578
27.0935	5629
27.1029	5680
27.1124	5730
27.1218	5780
27.1312	5829
27.1407	5878
27.1501	5926
27.1596	5974
27.169	6022
27.1784	6069
27.1879	6116
27.1973	6162
27.2068	6208
27.2162	6254
27.2256	6299
27.2351	6344
27.2445	6389
27.254	6433
27.2634	6477
27.2728	6521
27.2823	6565
27.2917	6608
27.3012	6651
27.3106	6694
27.32	6736
27.3295	6778
27.3389	6820
27.3484	6862
27.3578	6903
27.3672	6944
27.3767	6985
27.3861	7026
27.3956	7066
27.405	7106
27.4144	7146
27.4239	7186
27.4333	7225
27.4428	7264
27.4522	7303
27.4616	7342
27.4711	7381
27.4805	7419
27.49	7457
27.4994	7495
27.5088	7533
27.5183	7571
27.5277	7608
27.5372	7645
27.5466	7682
27.556	7719
27.5655	7756
27.5749	7793
27.5844	7829
27.5938	7865
27.6032	7901
27.6127	7937
27.6221	7973
27.6316	8009
27.641	8044
27.6504	8079
27.6599	8114
27.6693	8149
27.6788	8184
27.6882	8219
27.6976	8253
27.7071	8287
27.7165	8321
27.726	8355
27.7354	8389
27.7448	8423
27.7543	8457
27.7637	8490
27.7732	8523
27.7826	8556
27.792	8589
27.8015	8622
27.8109	8655
27.8204	8688
27.8298	8721
27.8392	8753
27.8487	8785
27.8581	8817
27.8676	8849
27.877	8881
27.8864	8913
27.8959	8945
27.9053	8977
27.9148	9009
27.9242	9040
27.9336	9071
27.9431	9102
27.9525	9133
27.962	9164
27.9714	9195
27.9808	9226
27.9903	9257
27.9997	9288
28.0092	9318
28.0186	9348
28.028	9378
28.0375	9408
28.0469	9438
28.0564	9468
28.0658	9498
28.0752	9528
28.0847	9558
28.0941	9588
28.1036	9617
28.113	9646
28.1224	9675
28.1319	9704
28.1413	9733
28.1508	9762
28.1602	9791
28.1696	9820
28.1791	9849
28.1885	9878
28.198	9907
28.2074	9935
28.2168	9963
28.2263	9991
28.2357	10019
28.2452	10047
28.2546	10075
28.264	10103
28.2735	10131
28.2829	10159
28.2924	10187
28.3018	10215
28.3112	10243
28.3207	10271
28.3301	10298
28.3396	10325
28.349	10352
28.3584	10379
28.3679	10406
28.3773	10433
28.3868	10460
28.3962	10487
28.4056	10514
28.4151	10541
28.4245	10568
28.434	10595
28.4434	10622
28.4528	10649
28.4623	10675
28.4717	10701
28.4812	10727
28.4906	10753
28.5	10779
28.5095	10805
28.5189	10831
28.5284	10857
28.5378	10883
28.5472	10909
28.5567	10935
28.5661	10961
28.5756	10987
28.585	11013
28.5944	11039
28.6039	11065
28.6133	11090
28.6228	11115
28.6322	11140
28.6416	11165
28.6511	11190
28.6605	11215
28.67	11240
28.6794	11265
28.6888	11290
28.6983	11315
28.7077	11340
28.7172	11365
28.7266	11390
28.736	11415
28.7455	11440
28.7549	11465
28.7644	11490
28.7738	11515
28.7832	11539
28.7927	11563
28.8021	11587
28.8116	11611
28.821	11635
28.8304	11659
28.8399	11683
28.8493	11707
28.8588	11731
28.8682	11755
28.8776	11779
28.8871	11803
28.8965	11827
28.906	11851
28.9154	11875
28.9248	11899
28.9343	11923
28.9437	11947
28.9532	11971
28.9626	11994
28.972	12017
28.9815	12040
28.9909	12063
29.0004	12086
29.0098	12109
29.0192	12132
29.0287	12155
29.0381	12178
29.0476	12201
29.057	12224
29.0664	12247
29.0759	12270
29.0853	12293
29.0948	12316
29.1042	12339
29.1136	12362
29.1231	12385
29.1325	12408
29.142	12431
29.1514	12454
29.1608	12477
29.1703	12500
29.1797	12522
29.1892	12544
29.1986	12566
29.208	12588
29.2175	12610
29.2269	12632
29.2364	12654
29.2458	12676
29.2552	12698
29.2647	12720
29.2741	12742
29.2836	12764
29.293	12786
29.3024	12808
29.3119	12830
29.3213	12852
29.3308	12874
29.3402	12896
29.3496	12918
29.3591	12940
29.3685	12962
29.378	12984
29.3874	13006
29.3968	13028
29.4063	13050
29.4157	13072
29.4252	13093
29.4346	13114
29.444	13135
29.4535	13156
29.4629	13177
29.4724	13198
29.4818	13219
29.4912	13240
29.5007	13261
29.5101	13282
29.5196	13303
29.529	13324
29.5384	13345
29.5479	13366
29.5573	13387
29.5668	13408
29.5762	13429
29.5856	13450
29.5951	13471
29.6045	13492
29.614	13513
29.6234	13534
29.6328	13555
29.6423	13576
29.6517	13597
29.6612	13618
29.6706	13639
29.68	13660
29.6895	13681
29.6989	13701
29.7084	13721
29.7178	13741
29.7272	13761
29.7367	13781
29.7461	13801
29.7556	13821
29.765	13841
29.7744	13861
29.7839	13881
29.7933	13901
29.8028	13921
29.8122	13941
29.8216	13961
29.8311	13981
29.8405	14001
29.85	14021
29.8594	14041
29.8688	14061
29.8783	14081
29.8877	14101
29.8972	14121
29.9066	14141
29.916	14161
29.9255	14181
29.9349	14201
29.9444	14221
29.9538	14241
29.9632	14261
29.9727	14281
29.9821	14301
29.9916	14321
30.001	14341
30.0104	14361
30.0199	14381
30.0293	14400
30.0388	14419
30.0482	14438
30.0576	14457
30.0671	14476
30.0765	14495
30.086	14514
30.0954	14533
30.1048	14552
30.1143	14571
30.1237	14590
30.1332	14609
30.1426	14628
30.152	14647
30.1615	14666
30.1709	14685
30.1804	14704
30.1898	14723
30.1992	14742
30.2087	14761
30.2181	14780
30.2276	14799
30.237	14818
30.2464	14837
30.2559	14856
30.2653	14875
30.2748	14894
30.2842	14913
30.2936	14932
30.3031	14951
30.3125	14970
30.322	14989
30.3314	15008
30.3408	15027
30.3503	15046
30.3597	15065
30.3692	15084
30.3786	15103
30.388	15122
30.3975	15140
30.4069	15158
30.4164	15176
30.4258	15194
30.4352	15212
30.4447	15230
30.4541	15248
30.4636	15266
30.473	15284
30.4824	15302
30.4919	15320
30.5013	15338
30.5108	15356
30.5202	15374
30.5296	15392
30.5391	15410
30.5485	15428
30.558	15446
30.5674	15464
30.5768	15482
30.5863	15500
30.5957	15518
30.6052	15536
30.6146	15554
30.624	15572
30.6335	15590
30.6429	15608
30.6524	15626
30.6666	15644
30.676	7236
30.8176	7275
30.827	7314
30.8364	7353
30.8459	7392
30.8553	7430
30.8648	7468
30.8742	7506
30.8836	7544
30.8931	7582
30.9025	7619
30.912	7656
30.9214	7693
30.9308	7730
30.9403	7767
30.9497	7803
30.9592	7839
30.9686	7875
30.978	7911
30.9875	7947
30.9969	7983
31.0064	8018
31.0158	8053
31.0252	8088
31.0347	8123
31.0441	8158
31.0536	8193
31.063	8228
31.0724	8262
31.0819	8296
31.0913	8330
31.1008	8364
31.1102	8398
31.1196	8432
31.1291	8466
31.1385	8499
31.148	8532
31.1574	8565
31.1668	8598
31.1763	8631
31.1857	8664
31.1952	8697
31.2046	8730
31.214	8762
31.2235	8794
31.2329	8826
31.2424	8858
31.2518	8890
31.2612	8922
31.2707	8954
31.2801	8986
31.2896	9017
31.299	9048
31.3084	9079
31.3179	9110
31.3273	9141
31.3368	9172
31.3462	9203
31.3556	9234
31.3651	9265
31.3745	9296
31.384	9326
31.3934	9356
31.4028	9386
31.4123	9416
31.4217	9446
31.4312	9476
31.4406	9506
31.45	9536
31.4595	9566
31.4689	9596
31.4784	9625
31.4878	9654
31.4972	9683
31.5067	9712
31.5161	9741
31.5256	9770
31.535	9799
31.5444	9828
31.5539	9857
31.5633	9886
31.5728	9915
31.5822	9943
31.5916	9971
31.6011	9999
31.6105	10027
31.62	10055
31.6294	10083
31.6388	10111
31.6483	10139
31.6577	10167
31.672	10195
31.6814	4556
31.7757	4619
31.7852	4681
31.7946	4742
31.804	4802
31.8135	4861
31.8229	4920
31.8324	4978
31.8418	5035
31.8512	5092
31.8607	5148
31.8701	5203
31.8796	5258
31.889	5312
31.8984	5366
31.9079	5419
31.9173	5472
31.9268	5524
31.9362	5576
31.9456	5627
31.9551	5678
31.9645	5728
31.974	5778
31.9834	5827
31.9928	5876
32.0023	5924
32.0117	5972
32.0212	6020
32.0306	6067
32.04	6114
32.0495	6160
32.0589	6206
32.0684	6252
32.0778	6297
32.0872	6342
32.0967	6387
32.1061	6431
32.1156	6475
32.125	6519
32.1344	6563
32.1439	6606
32.1533	6649
32.1628	6692
32.1722	6734
32.1816	6776
32.1911	6818
32.2005	6860
32.21	6901
32.2194	6942
32.2288	6983
32.2383	7024
32.2477	7064
32.2572	7104
32.2666	7144
32.276	7184
32.2855	7223
32.2949	7262
32.3044	7301
32.3138	7340
32.3232	7379
32.3327	7417
32.3421	7455
32.3516	7493
32.361	7531
32.3704	7569
32.3799	7606
32.3893	7643
32.3988	7680
32.4082	7717
32.4176	7754
32.4271	7791
32.4365	7827
32.446	7863
32.4554	7899
32.4648	7935
32.4743	7971
32.4837	8007
32.4932	8042
32.5026	8077
32.512	8112
32.5215	8147
32.5309	8182
32.5404	8217
32.5498	8251
32.5592	8285
32.5687	8319
32.5781	8353
32.5876	8387
32.597	8421
32.6064	8455
32.6159	8488
32.6253	8521
32.6348	8554
32.6442	8587
32.6536	8620
32.6631	8653
32.6725	8686
32.682	8719
32.6914	8751
32.7008	8783
32.7103	8815
32.7197	8847
32.7292	8879
32.7386	8911
32.748	8943
32.7575	8975
32.7669	9007
32.7764	9038
32.7858	9069
32.7952	9100
32.8047	9131
32.8141	9162
32.8236	9193
32.833	9224
32.8424	9255
32.8519	9286
32.8613	9316
32.8708	9346
32.8802	9376
32.8896	9406
32.8991	9436
32.9085	9466
32.918	9496
32.9274	9526
32.9368	9556
32.9463	9586
32.9557	9615
32.9652	9644
32.9746	9673
32.984	9702
32.9935	9731
33.0077	9760
33.0172	4288
33.1068	4355
33.1162	4420
33.1256	4484
33.1351	4548
33.1445	4611
33.154	4673
33.1634	4734
33.1728	4794
33.1823	4853
33.1917	4912
33.2012	4970
33.2106	5027
33.22	5084
33.2295	5140
33.2389	5195
33.2484	5250
33.2578	5304
33.2672	5358
33.2767	5411
33.2861	5464
33.2956	5516
33.305	5568
33.3144	5619
33.3239	5670
33.3333	5720
33.3428	5770
33.3522	5819
33.3616	5868
33.3711	5916
33.3805	5964
33.39	6012
33.3994	6059
33.4088	6106
33.4183	6153
33.4277	6199
33.4372	6245
33.4466	6291
33.456	6336
33.4655	6381
33.4749	6426
33.4844	6470
33.4938	6514
33.5032	6558
33.5127	6601
33.5221	6644
33.5316	6687
33.541	6729
33.5504	6771
33.5599	6813
33.5693	6855
33.5788	6896
33.5882	6937
33.5976	6978
33.6071	7019
33.6165	7059
33.626	7099
33.6354	7139
33.6448	7179
33.6543	7219
33.6637	7258
33.6732	7297
33.6826	7336
33.692	7375
33.7015	7413
33.7109	7451
33.7204	7489
33.7298	7527
33.7392	7565
33.7487	7602
33.7581	7639
33.7676	7676
33.777	7713
33.7864	7750
33.7959	7787
33.8053	7823
33.8148	7859
33.8242	7895
33.8336	7931
33.8431	7967
33.8525	8003
33.862	8038
33.8714	8073
33.8808	8108
33.8903	8143
33.8997	8178
33.9092	8213
33.9186	8247
33.928	8281
33.9375	8315
33.9469	8349
33.9564	8383
33.9658	8417
33.9752	8451
33.9847	8484
33.9941	8517
34.0036	8550
34.013	8583
34.0224	8616
34.0319	8649
34.0413	8682
34.0508	8715
34.0602	8747
34.0696	8779
34.0791	8811
34.0885	8843
34.098	8875
34.1074	8907
34.1168	8939
34.1263	8971
34.1357	9003
34.1452	9034
34.1546	9065
34.164	9096
34.1735	9127
34.1829	9158
34.1924	9189
34.2018	9220
34.2112	9251
34.2207	9282
34.2301	9312
34.2396	9342
34.249	9372
34.2584	9402
34.2679	9432
34.2773	9462
34.2868	9492
34.2962	9522
34.3056	9552
34.3151	9582
34.3245	9611
34.334	9640
34.3434	9669
34.3528	9698
34.3623	9727
34.3717	9756
34.3812	9785
34.3906	9814
34.4	9843
34.4095	9872
34.4189	9901
34.4284	9930
34.4378	9958
34.4472	9986
34.4567	10014
34.4661	10042
34.4756	10070
34.485	10098
34.4944	10126
34.5039	10154
34.5133	10182
34.5228	10210
34.5322	10238
34.5416	10266
34.5511	10293
34.5605	10320
34.57	10347
34.5794	10374
34.5888	10401
34.5983	10428
34.6077	10455
34.6172	10482
34.6266	10509
34.636	10536
34.655	4556
34.7493	4619
34.7588	4681
34.7682	4742
34.7776	4802
34.7871	4861
34.7965	4920
34.806	4978
34.8154	5035
34.8248	5092
34.8343	5148
34.8437	5203
34.858	5258
34.8674	1876
34.9145	2029
34.9257	2170
34.9368	2302
34.9463	2426
34.9557	2544
34.9652	2656
34.9746	2764
34.984	2867
34.9935	2967
35.0029	3063
35.0124	3156
35.0218	3247
35.0312	3335
35.0407	3421
35.0501	3504
35.0596	3585
35.069	3665
35.0784	3743
35.0879	3819
35.0973	3894
35.1068	3967
35.1162	4039
35.1256	4110
35.1351	4179
35.1445	4247
35.154	4314
35.1634	4380
35.1728	4445
35.1823	4509
35.1917	4572
35.2012	4634
35.2106	4695
35.22	4756
35.2295	4816
35.2389	4875
35.2484	4933
35.2578	4991
35.2672	5048
35.2767	5104
35.2861	5160
35.2956	5215
35.305	5270
35.3144	5324
35.3239	5377
35.3333	5430
35.3428	5482
35.3522	5534
35.3616	5585
35.3711	5636
35.3805	5686
35.39	5736
35.3994	5786
35.4088	5835
35.4183	5884
35.4277	5932
35.4372	5980
35.4466	6028
35.456	6075
35.4655	6122
35.4844	2412
35.541	2531
35.5504	2644
35.5599	2752
35.5788	1072
35.6088	1340
35.6247	1554
35.6406	1738
35.6565	1903
35.6676	2053
35.6788	2192
35.6899	2323
35.6994	2446
35.7088	2563
35.7182	2675
35.7277	2782
35.7371	2885
35.7466	2984
35.756	3080
35.7654	3173
35.7749	3263
35.7843	3351
35.7938	3436
35.8032	3519
35.8126	3600
35.8221	3679
35.8315	3757
35.841	3833
35.8504	3907
35.8598	3980
35.8693	4052
35.8787	4122
35.8882	4191
35.8976	4259
35.9118	4326
35.9213	1608
35.9637	1786
35.9748	1946
35.986	2093
35.9971	2230
36.0083	2358
36.0177	2479
36.0272	2594
36.0366	2704
36.046	2810
36.0555	2912
36.0697	3010
36.0792	1072
36.1092	1340
36.1251	1554
36.1409	1738
36.1568	1903
36.168	2053
36.1791	2192
36.1903	2323
36.1997	2446
36.2091	2563
36.2186	2675
36.228	2782
36.2375	2885
36.2469	2984
36.2563	3080
36.2658	3173
36.2752	3263
36.2847	3351
36.2941	3436
36.3035	3519
36.313	3600
36.3224	3679
36.3319	3757
36.3413	3833
36.3507	3907
36.3602	3980
36.3696	4052
36.3791	4122
36.3885	4191
36.3979	4259
36.4074	4326
36.4168	4392
36.4263	4457
36.4357	4521
36.4451	4584
36.4546	4646
36.464	4707
36.4735	4768
36.4829	4828
36.4923	4887
36.5018	4945
36.5112	5003
36.5207	5060
36.5301	5116
36.5395	5172
36.549	5227
36.5584	5281
36.5679	5335
36.5773	5388
36.5867	5441
36.5962	5493
36.6056	5545
36.6151	5596
36.6245	5647
36.6339	5697
36.6434	5747
36.6528	5796
36.6623	5845
36.6717	5894
36.6811	5942
36.6906	5990
36.7	6037
36.7095	6084
36.7189	6131
36.7283	6177
36.7378	6223
36.7472	6269
36.7567	6314
36.7661	6359
36.7755	6404
36.785	6448
36.7944	6492
36.8039	6536
36.8133	6579
36.8227	6622
36.8322	6665
36.8416	6708
36.8511	6750
36.8605	6792
36.8699	6834
36.8794	6876
36.8888	6917
36.8983	6958
36.9077	6999
36.9171	7040
36.9266	7080
36.936	7120
36.9455	7160
36.9549	7200
36.9643	7239
36.9738	7278
36.9832	7317
36.9927	7356
37.0021	7395
37.0115	7433
37.021	7471
37.0304	7509
37.0399	7547
37.0493	7585
37.0587	7622
37.0682	7659
37.0776	7696
37.0871	7733
37.0965	7770
37.1059	7806
37.1154	7842
37.1248	7878
37.1343	7914
37.1437	7950
37.1531	7986
37.1626	8021
37.172	8056
37.1815	8091
37.1909	8126
37.2003	8161
37.2098	8196
37.2192	8231
37.2287	8265
37.2381	8299
37.2475	8333
37.257	8367
37.2664	8401
37.2759	8435
37.2853	8469
37.2947	8502
37.3042	8535
37.3136	8568
37.3231	8601
37.3325	8634
37.3419	8667
37.3514	8700
37.3608	8733
37.3703	8765
37.3797	8797
37.3891	8829
37.3986	8861
37.408	8893
37.4175	8925
37.4269	8957
37.4363	8989
37.4458	9020
37.4552	9051
37.4647	9082
37.4741	9113
37.4835	9144
37.493	9175
37.5024	9206
37.5119	9237
37.5213	9268
37.5307	9298
37.5402	9328
37.5496	9358
37.5591	9388
37.5685	9418
37.5779	9448
37.5874	9478
37.5968	9508
37.6063	9538
37.6157	9568
37.6251	9598
37.6346	9627
37.644	9656
37.6535	9685
37.6629	9714
37.6723	9743
37.6818	9772
37.6912	9801
37.7007	9830
37.7101	9859
37.7195	9888
37.729	9917
37.7384	9945
37.7479	9973
37.7573	10001
37.7667	10029
37.7762	10057
37.7856	10085
37.7951	10113
37.8045	10141
37.8139	10169
37.8329	4288
37.9225	4355
37.9319	4420
37.9414	4484
37.9508	4548
37.9603	4611
37.9697	4673
37.9791	4734
37.9886	4794
37.998	4853
38.0075	4912
38.0169	4970
38.0263	5027
38.0358	5084
38.0452	5140
38.0547	5195
38.0641	5250
38.0735	5304
38.083	5358
38.0924	5411
38.1019	5464
38.1113	5516
38.1207	5568
38.1302	5619
38.1396	5670
38.1491	5720
38.1585	5770
38.1679	5819
38.1774	5868
38.1868	5916
38.1963	5964
38.2057	6012
38.2151	6059
38.2246	6106
38.234	6153
38.2435	6199
38.2529	6245
38.2623	6291
38.2718	6336
38.2812	6381
38.2907	6426
38.3001	6470
38.3095	6514
38.319	6558
38.3284	6601
38.3379	6644
38.3473	6687
38.3567	6729
38.3662	6771
38.3851	2680
38.4464	2787
38.4559	2890
38.4653	2989
38.4747	3085
38.4842	3178
38.4936	3268
38.5031	3355
38.5125	3440
38.5219	3523
38.5314	3604
38.5408	3683
38.5503	3761
38.5597	3837
38.5691	3911
38.5786	3984
38.588	4056
38.5975	4126
38.6069	4195
38.6163	4263
38.6258	4330
38.6352	4396
38.6447	4461
38.6541	4525
38.6635	4588
38.673	4650
38.6824	4711
38.6919	4771
38.7013	4831
38.7107	4890
38.7202	4948
38.7296	5006
38.7391	5063
38.7485	5119
38.7579	5175
38.7674	5230
38.7768	5284
38.7863	5338
38.7957	5391
38.8051	5444
38.8146	5496
38.824	5548
38.8335	5599
38.8429	5650
38.8523	5700
38.8618	5750
38.8712	5799
38.8807	5848
38.8901	5897
38.8995	5945
38.909	5993
38.9184	6040
38.9279	6087
38.9373	6134
38.9467	6180
38.9562	6226
38.9656	6272
38.9751	6317
38.9845	6362
38.9939	6407
39.0034	6451
39.0128	6495
39.0223	6539
39.0317	6582
39.0411	6625
39.0506	6668
39.06	6711
39.0695	6753
39.0789	6795
39.0883	6837
39.0978	6879
39.1072	6920
39.1167	6961
39.1261	7002
39.1355	7043
39.145	7083
39.1544	7123
39.1639	7163
39.1733	7203
39.1827	7242
39.1922	7281
39.2016	7320
39.2111	7359
39.2205	7398
39.2299	7436
39.2394	7474
39.2488	7512
39.2583	7550
39.2677	7588
39.2771	7625
39.2866	7662
39.296	7699
39.3055	7736
39.3149	7773
39.3243	7809
39.3338	7845
39.3432	7881
39.3527	7917
39.3621	7953
39.3715	7989
39.381	8024
39.3904	8059
39.3999	8094
39.4093	8129
39.4187	8164
39.4282	8199
39.4376	8234
39.4471	8268
39.4565	8302
39.4659	8336
39.4754	8370
39.4848	8404
39.4943	8438
39.5037	8472
39.5131	8505
39.5226	8538
39.532	8571
39.5415	8604
39.5509	8637
39.5603	8670
39.5698	8703
39.5792	8736
39.5887	8768
39.5981	8800
39.6075	8832
39.617	8864
39.6264	8896
39.6359	8928
39.6453	8960
39.6547	8992
39.6642	9023
39.6736	9054
39.6831	9085
39.6925	9116
39.7019	9147
39.7114	9178
39.7208	9209
39.7303	9240
39.7397	9271
39.7491	9301
39.7586	9331
39.768	9361
39.7775	9391
39.7869	9421
39.7963	9451
39.8058	9481
39.8152	9511
39.8247	9541
39.8341	9571
39.8435	9601
39.853	9630
39.8624	9659
39.8719	9688
39.8813	9717
39.8907	9746
39.9002	9775
39.9096	9804
39.9191	9833
39.9285	9862
39.9379	9891
39.9474	9920
39.9568	9948
39.9663	9976
39.9757	10004
39.9851	10032
39.9946	10060
