1.00619	536
1.0133	1072
1.02128	1608
1.02925	2144
1.03628	2680
1.03817	3216
1.04426	3752
1.04614	4288
1.04803	4824
1.05223	5360
1.05412	5896
1.05601	6432
1.05789	6968
1.05978	7504
1.06092	8040
1.06397	8576
1.06563	9112
1.07197	9648
1.07999	1072
1.09405	1340
1.10202	1554
1.11	1738
1.11797	1903
1.125	2053
1.13203	2192
1.13906	2323
1.14095	2446
1.14704	2563
1.14892	2675
1.15501	2782
1.1569	2885
1.16299	2984
1.16487	3080
1.17002	3173
1.1719	3263
1.17705	3351
1.17893	3436
1.18082	3519
1.18502	3600
1.18691	3679
1.1888	3757
1.193	3833
1.19488	3907
1.19677	3980
1.20003	4052
1.20191	4122
1.20378	4191
1.20797	4259
1.21599	1072
1.23005	1340
1.25212	1072
1.26618	1340
1.27416	1554
1.28213	1738
1.29011	1903
1.29714	2053
1.30417	2192
1.3112	2323
1.31308	2446
1.31917	2563
1.32106	2675
1.32715	2782
1.32903	2885
1.33512	2984
1.33701	3080
1.34215	3173
1.34404	3263
1.34918	3351
1.35107	3436
1.35296	3519
1.35716	3600
1.35904	3679
1.36093	3757
1.36513	3833
1.36702	3907
1.36891	3980
1.37216	4052
1.37405	4122
1.37594	4191
1.37919	4259
1.38108	4326
1.38297	4392
1.38622	4457
1.38811	4521
1.39	4584
1.39188	4646
1.3942	4707
1.39608	4768
1.39797	4828
1.39908	4887
1.40123	4945
1.40703	5003
1.40892	5060
1.41503	5116
1.41692	5172
1.42303	5227
1.42492	5281
1.43103	5335
1.43292	5388
1.43903	5441
1.44092	5493
1.44703	5545
1.44892	5596
1.45503	5647
1.45692	5697
1.46303	5747
1.46492	5796
1.47103	5845
1.47292	5894
1.47903	5942
1.48092	5990
1.48703	6037
1.48892	6084
1.49503	6131
1.49692	6177
1.50303	6223
1.50492	6269
1.51103	6314
1.51292	6359
1.51903	6404
1.52092	6448
1.52703	6492
1.52892	6536
1.53503	6579
1.53692	6622
1.54303	6665
1.54492	6708
1.55103	6750
1.55292	6792
1.55903	6834
1.56092	6876
1.56703	6917
1.56892	6958
1.57503	6999
1.57692	7040
1.58303	7080
1.58492	7120
1.59103	7160
1.59292	7200
1.59903	7239
1.60092	7278
1.60703	7317
1.60892	7356
1.61503	7395
1.61692	7433
1.62303	7471
1.62492	7509
1.63103	7547
1.63292	7585
1.63903	7622
1.64092	7659
1.64703	7696
1.64892	7733
1.65503	7770
1.65692	7806
1.66303	7842
1.66492	7878
1.67103	7914
1.67292	7950
1.67903	7986
1.68092	8021
1.68703	8056
1.68892	8091
1.69503	8126
1.69692	8161
1.70303	8196
1.70492	8231
1.71103	8265
1.71292	8299
1.71903	8333
1.72092	8367
1.72703	8401
1.72892	8435
1.73503	8469
1.73692	8502
1.74303	8535
1.74492	8568
1.75103	8601
1.75292	8634
1.76706	1072
1.78349	1340
1.79146	1554
1.79944	1738
1.80741	1903
1.8154	2053
1.82339	1072
1.83746	1340
1.84543	1554
1.85341	1738
1.86138	1903
1.86841	2053
1.87544	2192
1.88247	2323
1.88436	2446
1.89045	2563
1.89234	2675
1.89842	2782
1.90031	2885
1.9064	2984
1.90828	3080
1.91343	3173
1.91532	3263
1.92046	3351
1.92235	3436
1.92423	3519
1.92843	3600
1.93032	3679
1.93221	3757
1.93641	3833
1.93829	3907
1.94018	3980
1.94344	4052
1.94532	4122
1.94721	4191
1.95047	4259
1.95236	4326
1.95424	4392
1.9575	4457
1.95939	4521
1.96127	4584
1.96316	4646
1.96547	4707
1.96736	4768
1.96925	4828
1.97114	4887
1.97283	4945
1.97597	5003
1.97763	5060
1.98397	5116
1.98563	5172
1.99197	5227
1.99363	5281
1.99997	5335
2.00163	5388
2.00797	5441
2.00963	5493
2.01597	5545
2.01763	5596
2.02397	5647
2.02563	5697
2.03197	5747
2.03363	5796
2.03997	5845
2.04163	5894
2.04797	5942
2.04963	5990
2.05597	6037
2.05763	6084
2.06397	6131
2.06563	6177
2.07197	6223
2.07363	6269
2.07997	6314
2.08163	6359
2.08797	6404
2.08963	6448
2.09597	6492
2.09763	6536
2.10397	6579
2.10563	6622
2.11197	6665
2.11363	6708
2.11997	6750
2.12163	6792
2.12797	6834
2.12963	6876
2.13597	6917
2.13763	6958
2.14397	6999
2.14563	7040
2.15197	7080
2.15363	7120
2.15997	7160
2.16163	7200
2.16797	7239
2.16963	7278
2.17597	7317
2.17763	7356
2.18397	7395
2.18563	7433
2.19197	7471
2.19363	7509
2.19997	7547
2.20163	7585
2.20797	7622
2.20963	7659
2.21597	7696
2.21763	7733
2.22397	7770
2.22563	7806
2.23197	7842
2.23363	7878
2.23997	7914
2.24163	7950
2.24797	7986
2.24963	8021
2.25597	8056
2.25763	8091
2.26397	8126
2.26563	8161
2.27197	8196
2.27363	8231
2.27997	8265
2.28163	8299
2.28797	8333
2.28963	8367
2.29597	8401
2.29763	8435
2.30397	8469
2.30563	8502
2.31197	8535
2.31363	8568
2.31997	8601
2.32163	8634
2.32797	8667
2.32963	8700
2.33597	8733
2.33763	8765
2.34397	8797
2.34563	8829
2.35197	8861
2.35363	8893
2.35997	8925
2.36163	8957
2.36797	8989
2.36963	9020
2.37597	9051
2.37763	9082
2.38397	9113
2.38563	9144
2.39197	9175
2.39363	9206
2.39997	9237
2.40163	9268
2.40797	9298
2.40963	9328
2.41597	9358
2.41763	9388
2.42397	9418
2.42563	9448
2.43197	9478
2.43363	9508
2.43997	9538
2.44163	9568
2.44797	9598
2.44963	9627
2.45597	9656
2.45763	9685
2.46397	9714
2.46563	9743
2.47197	9772
2.47363	9801
2.47997	9830
2.48163	9859
2.48797	9888
2.48963	9917
2.49597	9945
2.49763	9973
2.50397	10001
2.50563	10029
2.51197	10057
2.51363	10085
2.51997	10113
2.52163	10141
2.52797	10169
2.52963	10197
2.53597	10225
2.53763	10253
2.54397	10281
2.54563	10308
2.55197	10335
2.55363	10362
2.55997	10389
2.56163	10416
2.56797	10443
2.56963	10470
2.57597	10497
2.57763	10524
2.58397	10551
2.58563	10578
2.59197	10605
2.59363	10632
2.59997	10659
2.60163	10685
2.60797	10711
2.60963	10737
2.61597	10763
2.61763	10789
2.62397	10815
2.62563	10841
2.63197	10867
2.63363	10893
2.63997	10919
2.64163	10945
2.64797	10971
2.64963	10997
2.65597	11023
2.65763	11049
2.66397	11075
2.66563	11100
2.67197	11125
2.67363	11150
2.67997	11175
2.68163	11200
2.68797	11225
2.68963	11250
2.69597	11275
2.69763	11300
2.70397	11325
2.70563	11350
2.71197	11375
2.71363	11400
2.71997	11425
2.72163	11450
2.72797	11475
2.72963	11500
2.73597	11524
2.73763	11548
2.74397	11572
2.74563	11596
2.75197	11620
2.75363	11644
2.75997	11668
2.76163	11692
2.76797	11716
2.76963	11740
2.77597	11764
2.77763	11788
2.78397	11812
2.78563	11836
2.79197	11860
2.79363	11884
2.79997	11908
2.80163	11932
2.80797	11956
2.80963	11980
2.81597	12003
2.81763	12026
2.82397	12049
2.82563	12072
2.83197	12095
2.83363	12118
2.83997	12141
2.84163	12164
2.84797	12187
2.84963	12210
2.85597	12233
2.85763	12256
2.86397	12279
2.86563	12302
2.87197	12325
2.87363	12348
2.87997	12371
2.88163	12394
2.88797	12417
2.88963	12440
2.89597	12463
2.89763	12486
2.90397	12509
2.90563	12531
2.91197	12553
2.91363	12575
2.91997	12597
2.92163	12619
2.92797	12641
2.92963	12663
2.93597	12685
2.93763	12707
2.94397	12729
2.94563	12751
2.95197	12773
2.95363	12795
2.95997	12817
2.96163	12839
2.96797	12861
2.96963	12883
2.97597	12905
2.97763	12927
2.98397	12949
2.98563	12971
2.99197	12993
2.99363	13015
2.99997	13037
3.00163	13059
3.00797	13080
3.00963	13101
3.01597	13122
3.01763	13143
3.02397	13164
3.02563	13185
3.03197	13206
3.03363	13227
3.03997	13248
3.04163	13269
3.04797	13290
3.04963	13311
3.05597	13332
3.05763	13353
3.06397	13374
3.06563	13395
3.07197	13416
3.07363	13437
3.07997	13458
3.08163	13479
3.08797	13500
3.08963	13521
3.09597	13542
3.09763	13563
3.10397	13584
3.10563	13605
3.11197	13626
3.11363	13647
3.11997	13668
3.12163	13689
3.12797	13709
3.12963	13729
3.13597	13749
3.13763	13769
3.14397	13789
3.14563	13809
3.15197	13829
3.15363	13849
3.15997	13869
3.16163	13889
3.16797	13909
3.16963	13929
3.17597	13949
3.17763	13969
3.18397	13989
3.18563	14009
3.19197	14029
3.19363	14049
3.19997	14069
3.20163	14089
3.20797	14109
3.20963	14129
3.21597	14149
3.21763	14169
3.22397	14189
3.22563	14209
3.23197	14229
3.23363	14249
3.23997	14269
3.24163	14289
3.24797	14309
3.24963	14329
3.25597	14349
3.25763	14369
3.26397	14388
3.26563	14407
3.27197	14426
3.27363	14445
3.27997	14464
3.28163	14483
3.28797	14502
3.28963	14521
3.29597	14540
3.29763	14559
3.30397	14578
3.30563	14597
3.31197	14616
3.31363	14635
3.31997	14654
3.32163	14673
3.32797	14692
3.32963	14711
3.33597	14730
3.33763	14749
3.34564	1072
3.36162	1340
3.36959	1554
3.37757	1738
3.38554	1903
3.39257	2053
3.3996	2192
3.40663	2323
3.40852	2446
3.41461	2563
3.4165	2675
3.42258	2782
3.42447	2885
3.43056	2984
3.43244	3080
3.43759	3173
3.43948	3263
3.44462	3351
3.44651	3436
3.44839	3519
3.45259	3600
3.45448	3679
3.45637	3757
3.46057	3833
3.46245	3907
3.46392	3980
3.4676	4052
3.47103	4122
3.47292	4191
3.47903	4259
3.48092	4326
3.48703	4392
3.48892	4457
3.49503	4521
3.49692	4584
3.50303	4646
3.50492	4707
3.51103	4768
3.51292	4828
3.51903	4887
3.52092	4945
3.52703	5003
3.52892	5060
3.53503	5116
3.53692	5172
3.54303	5227
3.54492	5281
3.55103	5335
3.55292	5388
3.55903	5441
3.56092	5493
3.56703	5545
3.56892	5596
3.57503	5647
3.57692	5697
3.58303	5747
3.58492	5796
3.59103	5845
3.59292	5894
3.59903	5942
3.60092	5990
3.60703	6037
3.60892	6084
3.61503	6131
3.61692	6177
3.62303	6223
3.62492	6269
3.63103	6314
3.63292	6359
3.63903	6404
3.64092	6448
3.64703	6492
3.64892	6536
3.65503	6579
3.65692	6622
3.66493	1072
3.68162	1340
3.68959	1554
3.69757	1738
3.70554	1903
3.71257	2053
3.7196	2192
3.72663	2323
3.72852	2446
3.73461	2563
3.7365	2675
3.74258	2782
3.74447	2885
3.75056	2984
3.75244	3080
3.75759	3173
3.75948	3263
3.76462	3351
3.76651	3436
3.76839	3519
3.77259	3600
3.77448	3679
3.77637	3757
3.78057	3833
3.78245	3907
3.78392	3980
3.7876	4052
3.79103	4122
3.79292	4191
3.79903	4259
3.80092	4326
3.80703	4392
3.80892	4457
3.81503	4521
3.81692	4584
3.82303	4646
3.82492	4707
3.83103	4768
3.83292	4828
3.83903	4887
3.84092	4945
3.84703	5003
3.84892	5060
3.85503	5116
3.85692	5172
3.86303	5227
3.86492	5281
3.87103	5335
3.87292	5388
3.87903	5441
3.88092	5493
3.88703	5545
3.88892	5596
3.89503	5647
3.89692	5697
3.90303	5747
3.90492	5796
3.91103	5845
3.91292	5894
3.91903	5942
3.92092	5990
3.92703	6037
3.92892	6084
3.93503	6131
3.93692	6177
3.94303	6223
3.94492	6269
3.95103	6314
3.95292	6359
3.95903	6404
3.96092	6448
3.96703	6492
3.96892	6536
3.97503	6579
3.97692	6622
3.98303	6665
3.98492	6708
3.99103	6750
3.99292	6792
3.99903	6834
4.00092	6876
4.00703	6917
4.00892	6958
4.01503	6999
4.01692	7040
4.02303	7080
4.02492	7120
4.03103	7160
4.03292	7200
4.03903	7239
4.04092	7278
4.04703	7317
4.04892	7356
4.05503	7395
4.05692	7433
4.06303	7471
4.06492	7509
4.07103	7547
4.07292	7585
4.07903	7622
4.08092	7659
4.08703	7696
4.08892	7733
4.09503	7770
4.09692	7806
4.10303	7842
4.11104	1072
4.15326	1340
4.16124	1554
4.16921	1738
4.17719	1903
4.18422	2053
4.19125	2192
4.19828	2323
4.20017	2446
4.20625	2563
4.20814	2675
4.21423	2782
4.21612	2885
4.2222	2984
4.22409	3080
4.22923	3173
4.23112	3263
4.23626	3351
4.23815	3436
4.24004	3519
4.24424	3600
4.24612	3679
4.24801	3757
4.25221	3833
4.2541	3907
4.25599	3980
4.25924	4052
4.26113	4122
4.26302	4191
4.26627	4259
4.26816	4326
4.27005	4392
4.2733	4457
4.27519	4521
4.27708	4584
4.27897	4646
4.28128	4707
4.28316	4768
4.28703	4828
4.28892	4887
4.29503	4945
4.29692	5003
4.30303	5060
4.30492	5116
4.31103	5172
4.31292	5227
4.31903	5281
4.32092	5335
4.32703	5388
4.32892	5441
4.33503	5493
4.33692	5545
4.34303	5596
4.34492	5647
4.35103	5697
4.35292	5747
4.35903	5796
4.36092	5845
4.36703	5894
4.36892	5942
4.37503	5990
4.37692	6037
4.38303	6084
4.38492	6131
4.39103	6177
4.39292	6223
4.39903	6269
4.40092	6314
4.40703	6359
4.40892	6404
4.41503	6448
4.41692	6492
4.42303	6536
4.42492	6579
4.43103	6622
4.43292	6665
4.43903	6708
4.44092	6750
4.44703	6792
4.44892	6834
4.45503	6876
4.45692	6917
4.46303	6958
4.46492	6999
4.47103	7040
4.47292	7080
4.47903	7120
4.48092	7160
4.48703	7200
4.48964	7239
4.49599	1072
4.51005	1340
4.51802	1554
4.526	1738
4.53397	1903
4.541	2053
4.54803	2192
4.55506	2323
4.55695	2446
4.56304	2563
4.56492	2675
4.57101	2782
4.5729	2885
4.57899	2984
4.58087	3080
4.58602	3173
4.5879	3263
4.59305	3351
4.59493	3436
4.59682	3519
4.60102	3600
4.60291	3679
4.6048	3757
4.609	3833
4.61088	3907
4.61277	3980
4.61603	4052
4.61791	4122
4.61978	4191
4.62397	4259
4.62563	4326
4.63197	4392
4.63363	4457
4.63997	4521
4.64163	4584
4.64797	4646
4.64963	4707
4.65597	4768
4.65763	4828
4.66397	4887
4.66563	4945
4.67197	5003
4.67363	5060
4.67997	5116
4.68163	5172
4.68797	5227
4.68963	5281
4.69597	5335
4.69763	5388
4.70397	5441
4.70563	5493
4.71197	5545
4.71363	5596
4.71997	5647
4.72163	5697
4.72797	5747
4.72963	5796
4.73597	5845
4.73763	5894
4.74397	5942
4.74563	5990
4.75197	6037
4.75363	6084
4.75997	6131
4.76163	6177
4.76797	6223
4.76963	6269
4.77597	6314
4.77763	6359
4.78397	6404
4.78563	6448
4.79197	6492
4.79363	6536
4.79997	6579
4.80163	6622
4.80797	6665
4.80963	6708
4.81597	6750
4.81763	6792
4.82397	6834
4.82563	6876
4.83197	6917
4.83363	6958
4.83997	6999
4.84163	7040
4.84797	7080
4.84963	7120
4.85597	7160
4.85763	7200
4.86397	7239
4.86563	7278
4.87197	7317
4.87363	7356
4.87997	7395
4.88163	7433
4.88797	7471
4.88963	7509
4.89597	7547
4.89763	7585
4.90397	7622
4.90563	7659
4.91197	7696
4.91363	7733
4.91997	7770
4.92163	7806
4.92797	7842
4.92963	7878
4.93597	7914
4.93763	7950
4.94397	7986
4.94563	8021
4.95197	8056
4.95363	8091
4.95997	8126
4.96163	8161
4.96797	8196
4.96963	8231
4.97597	8265
4.97763	8299
4.98397	8333
4.98563	8367
4.99197	8401
4.99363	8435
4.99997	8469
5.00163	8502
5.00797	8535
5.00963	8568
5.01597	8601
5.01763	8634
5.02397	8667
5.02563	8700
5.03197	8733
5.03363	8765
5.03997	8797
5.04163	8829
5.04797	8861
5.04963	8893
5.05597	8925
5.05763	8957
5.06397	8989
5.06563	9020
5.07197	9051
5.07363	9082
5.07997	9113
5.08163	9144
5.08797	9175
5.08963	9206
5.09597	9237
5.09763	9268
5.10397	9298
5.10563	9328
5.11197	9358
5.11363	9388
5.11997	9418
5.12799	1072
5.14205	1340
5.15002	1554
5.158	1738
5.16597	1903
5.173	2053
5.18003	2192
5.18706	2323
5.18895	2446
5.19504	2563
5.19692	2675
5.20301	2782
5.2049	2885
5.21099	2984
5.21287	3080
5.21802	3173
5.2199	3263
5.22505	3351
5.22693	3436
5.22882	3519
5.23302	3600
5.23491	3679
5.2368	3757
5.241	3833
5.24288	3907
5.24477	3980
5.24803	4052
5.24991	4122
5.25178	4191
5.25597	4259
5.25763	4326
5.26397	4392
5.26563	4457
5.27197	4521
5.27363	4584
5.27997	4646
5.28163	4707
5.28797	4768
5.28963	4828
5.29597	4887
5.29763	4945
5.30397	5003
5.30563	5060
5.31197	5116
5.31363	5172
5.31997	5227
5.32163	5281
5.32797	5335
5.32963	5388
5.33597	5441
5.33763	5493
5.34397	5545
5.34563	5596
5.35197	5647
5.35363	5697
5.35997	5747
5.36163	5796
5.36797	5845
5.36963	5894
5.37597	5942
5.37763	5990
5.38397	6037
5.38563	6084
5.39197	6131
5.39363	6177
5.39997	6223
5.40163	6269
5.40797	6314
5.40963	6359
5.41597	6404
5.41763	6448
5.42397	6492
5.42563	6536
5.43197	6579
5.43363	6622
5.43997	6665
5.44163	6708
5.44797	6750
5.44963	6792
5.45597	6834
5.45763	6876
5.46397	6917
5.46563	6958
5.47197	6999
5.47363	7040
5.47997	7080
5.48163	7120
5.48797	7160
5.48963	7200
5.49597	7239
5.49763	7278
5.50397	7317
5.50563	7356
5.51197	7395
5.51363	7433
5.51997	7471
5.52163	7509
5.52797	7547
5.52963	7585
5.53597	7622
5.53763	7659
5.54397	7696
5.54563	7733
5.55197	7770
5.55363	7806
5.55997	7842
5.56163	7878
5.56797	7914
5.56963	7950
5.57597	7986
5.57763	8021
5.58397	8056
5.58563	8091
5.59197	8126
5.59363	8161
5.59997	8196
5.60163	8231
5.60797	8265
5.60963	8299
5.61597	8333
5.61763	8367
5.62397	8401
5.62563	8435
5.63197	8469
5.63363	8502
5.63997	8535
5.64163	8568
5.64797	8601
5.64963	8634
5.65597	8667
5.65763	8700
5.66397	8733
5.66563	8765
5.67197	8797
5.67363	8829
5.67997	8861
5.68163	8893
5.68797	8925
5.68963	8957
5.69597	8989
5.69763	9020
5.70397	9051
5.70563	9082
5.71197	9113
5.71363	9144
5.71997	9175
5.72163	9206
5.72797	9237
5.72963	9268
5.73597	9298
5.73763	9328
5.74397	9358
5.74563	9388
5.75197	9418
5.75363	9448
5.75997	9478
5.76163	9508
5.76797	9538
5.76963	9568
5.77597	9598
5.77763	9627
5.78397	9656
5.78563	9685
5.79197	9714
5.79363	9743
5.79997	9772
5.80163	9801
5.80797	9830
5.80963	9859
5.81597	9888
5.81763	9917
5.82397	9945
5.82563	9973
5.83197	10001
5.83363	10029
5.83997	10057
5.84163	10085
5.84797	10113
5.84963	10141
5.85597	10169
5.85763	10197
5.86397	10225
5.86563	10253
5.87197	10281
5.87363	10308
5.87997	10335
5.88163	10362
5.88797	10389
5.88963	10416
5.89597	10443
5.89763	10470
5.90397	10497
5.90563	10524
5.91197	10551
5.91363	10578
5.91997	10605
5.92163	10632
5.92797	10659
5.92963	10685
5.93597	10711
5.93763	10737
5.94397	10763
5.94563	10789
5.95197	10815
5.95363	10841
5.95997	10867
5.96799	1072
5.98205	1340
5.99002	1554
5.998	1738
6.00597	1903
6.013	2053
6.02003	2192
6.02706	2323
6.02895	2446
6.03504	2563
6.03692	2675
6.04301	2782
6.0449	2885
6.05099	2984
6.05287	3080
6.05802	3173
6.0599	3263
6.06505	3351
6.06693	3436
6.06882	3519
6.07302	3600
6.07491	3679
6.0768	3757
6.081	3833
6.08288	3907
6.08477	3980
6.08803	4052
6.08991	4122
6.09178	4191
6.09597	4259
6.09763	4326
6.10397	4392
6.10563	4457
6.11197	4521
6.11363	4584
6.11997	4646
6.12163	4707
6.12797	4768
6.12963	4828
6.13597	4887
6.13763	4945
6.14397	5003
6.14563	5060
6.15197	5116
6.15363	5172
6.15997	5227
6.16799	1072
6.18205	1340
6.19002	1554
6.198	1738
6.20597	1903
6.213	2053
6.22003	2192
6.22706	2323
6.22895	2446
6.23504	2563
6.23692	2675
6.24301	2782
6.2449	2885
6.25099	2984
6.25803	1072
6.27209	1340
6.28006	1554
6.28804	1738
6.29601	1903
6.30304	2053
6.31007	2192
6.3171	2323
6.31899	2446
6.32508	2563
6.32697	2675
6.33305	2782
6.33494	2885
6.34103	2984
6.34292	3080
6.34806	3173
6.34995	3263
6.35699	1072
6.37106	1340
6.37904	1554
6.38701	1738
6.39499	1903
6.40202	2053
6.40905	2192
6.41608	2323
6.41796	2446
6.42405	2563
6.42594	2675
6.43203	2782
6.43391	2885
6.44	2984
6.44189	3080
6.44703	3173
6.44892	3263
6.45406	3351
6.45595	3436
6.45784	3519
6.46204	3600
6.46392	3679
6.46581	3757
6.47001	3833
6.4719	3907
6.47379	3980
6.47704	4052
6.47893	4122
6.48082	4191
6.48407	4259
6.48596	4326
6.48785	4392
6.4911	4457
6.49299	4521
6.49488	4584
6.49676	4646
6.49908	4707
6.50096	4768
6.50285	4828
6.50474	4887
6.50705	4945
6.50894	5003
6.51058	5060
6.51247	5116
6.51413	5172
6.51997	5227
6.52163	5281
6.52797	5335
6.52963	5388
6.53597	5441
6.53763	5493
6.54397	5545
6.54563	5596
6.55197	5647
6.55363	5697
6.55997	5747
6.56163	5796
6.56797	5845
6.56963	5894
6.57597	5942
6.57763	5990
6.58397	6037
6.58563	6084
6.59197	6131
6.59363	6177
6.59997	6223
6.60163	6269
6.60797	6314
6.60963	6359
6.61597	6404
6.61763	6448
6.62397	6492
6.62563	6536
6.63197	6579
6.63363	6622
6.63997	6665
6.64163	6708
6.64797	6750
6.64963	6792
6.65597	6834
6.65763	6876
6.66397	6917
6.66563	6958
6.67197	6999
6.67363	7040
6.67997	7080
6.68163	7120
6.68797	7160
6.68963	7200
6.69597	7239
6.69763	7278
6.70397	7317
6.70563	7356
6.71197	7395
6.71363	7433
6.71997	7471
6.72163	7509
6.72797	7547
6.72963	7585
6.73597	7622
6.73763	7659
6.74397	7696
6.74563	7733
6.75197	7770
6.75363	7806
6.75997	7842
6.76163	7878
6.76797	7914
6.76963	7950
6.77597	7986
6.77763	8021
6.78397	8056
6.78563	8091
6.79197	8126
6.79363	8161
6.79997	8196
6.80163	8231
6.80797	8265
6.80963	8299
6.81597	8333
6.81763	8367
6.82397	8401
6.82563	8435
6.83197	8469
6.83363	8502
6.83997	8535
6.84163	8568
6.84797	8601
6.84963	8634
6.85597	8667
6.85763	8700
6.86397	8733
6.86563	8765
6.87197	8797
6.87363	8829
6.87997	8861
6.88163	8893
6.88797	8925
6.88963	8957
6.89597	8989
6.89763	9020
6.90397	9051
6.90563	9082
6.91197	9113
6.91363	9144
6.91997	9175
6.92163	9206
6.92797	9237
6.92963	9268
6.93597	9298
6.93763	9328
6.94564	1072
6.96162	1340
6.96959	1554
6.97757	1738
6.98554	1903
6.99257	2053
6.9996	2192
7.00663	2323
7.00852	2446
7.01651	1072
7.03058	1340
7.03856	1554
7.04653	1738
7.05451	1903
7.06154	2053
7.06857	2192
7.0756	2323
7.07748	2446
7.08357	2563
7.08546	2675
7.09155	2782
7.09343	2885
7.09952	2984
7.10752	1072
7.12348	1340
7.13146	1554
7.13943	1738
7.1474	1903
7.15444	2053
7.16147	2192
7.1685	2323
7.17038	2446
7.17647	2563
7.17836	2675
7.18444	2782
7.18633	2885
7.19242	2984
7.19431	3080
7.19945	3173
7.20134	3263
7.20648	3351
7.20837	3436
7.21026	3519
7.21445	3600
7.21634	3679
7.21823	3757
7.22243	3833
7.22432	3907
7.2262	3980
7.22946	4052
7.23135	4122
7.23324	4191
7.23649	4259
7.23838	4326
7.24027	4392
7.24352	4457
7.24541	4521
7.2473	4584
7.24918	4646
7.25149	4707
7.25338	4768
7.25527	4828
7.25716	4887
7.25947	4945
7.26136	5003
7.26324	5060
7.26513	5116
7.26702	5172
7.26891	5227
7.27103	5281
7.27292	5335
7.27903	5388
7.28092	5441
7.28703	5493
7.28892	5545
7.29503	5596
7.29692	5647
7.30303	5697
7.30492	5747
7.31103	5796
7.31292	5845
7.31903	5894
7.32092	5942
7.32703	5990
7.32892	6037
7.33503	6084
7.33692	6131
7.34303	6177
7.34492	6223
7.35103	6269
7.35292	6314
7.35903	6359
7.36092	6404
7.36703	6448
7.36892	6492
7.37503	6536
7.37692	6579
7.38303	6622
7.38492	6665
7.39103	6708
7.39292	6750
7.39903	6792
7.40092	6834
7.40703	6876
7.40892	6917
7.41503	6958
7.41764	6999
7.42399	1072
7.63268	1340
7.6538	1072
7.66787	1340
7.67584	1554
7.68381	1738
7.69179	1903
7.69882	2053
7.70585	2192
7.71288	2323
7.71477	2446
7.72085	2563
7.72274	2675
7.72883	2782
7.73072	2885
7.7368	2984
7.73869	3080
7.74383	3173
7.75088	1072
7.76494	1340
7.77291	1554
7.78089	1738
7.78886	1903
7.79589	2053
7.80292	2192
7.80995	2323
7.81184	2446
7.81793	2563
7.81981	2675
7.8259	2782
7.82779	2885
7.83388	2984
7.83576	3080
7.84091	3173
7.84279	3263
7.84794	3351
7.84982	3436
7.85171	3519
7.85591	3600
7.8578	3679
7.85969	3757
7.86388	3833
7.86577	3907
7.86766	3980
7.87092	4052
7.8728	4122
7.87469	4191
7.87795	4259
7.87983	4326
7.88172	4392
7.88498	4457
7.88686	4521
7.88875	4584
7.89064	4646
7.89295	4707
7.89484	4768
7.89673	4828
7.89861	4887
7.90092	4945
7.90281	5003
7.9047	5060
7.90659	5116
7.90848	5172
7.91036	5227
7.91225	5281
7.91414	5335
7.91603	5388
7.91792	5441
7.9198	5493
7.92169	5545
7.92358	5596
7.92547	5647
7.92736	5697
7.92924	5747
7.93113	5796
7.93302	5845
7.93491	5894
7.9368	5942
7.93868	5990
7.94057	6037
7.94246	6084
7.94435	6131
7.94624	6177
7.94812	6223
7.95001	6269
7.9519	6314
7.95379	6359
7.95568	6404
7.95756	6448
7.95945	6492
7.96134	6536
7.96323	6579
7.96512	6622
7.967	6665
7.96889	6708
7.97078	6750
7.97267	6792
7.97456	6834
7.97644	6876
7.97833	6917
7.98022	6958
7.98211	6999
7.984	7040
7.98588	7080
7.98777	7120
7.98966	7160
7.99155	7200
7.99344	7239
7.99532	7278
7.99721	7317
7.9991	7356
8.00099	7395
8.00288	7433
8.00476	7471
8.00665	7509
8.00854	7547
8.01043	7585
8.01232	7622
8.0142	7659
8.01609	7696
8.01798	7733
8.01987	7770
8.02176	7806
8.02364	7842
8.02553	7878
8.02742	7914
8.02931	7950
8.0312	7986
8.03308	8021
8.03497	8056
8.03686	8091
8.03875	8126
8.04064	8161
8.04252	8196
8.04441	8231
8.0463	8265
8.04819	8299
8.05008	8333
8.05196	8367
8.05481	8401
8.0567	1072
8.07566	1340
8.08364	1554
8.09161	1738
8.09959	1903
8.10662	2053
8.11365	2192
8.12068	2323
8.12257	2446
8.12865	2563
8.13054	2675
8.13663	2782
8.13851	2885
8.1446	2984
8.14649	3080
8.15163	3173
8.15352	3263
8.15866	3351
8.16055	3436
8.16244	3519
8.16664	3600
8.16852	3679
8.17041	3757
8.17461	3833
8.1765	3907
8.17839	3980
8.18164	4052
8.18353	4122
8.18542	4191
8.19103	4259
8.19292	4326
8.19903	4392
8.20092	4457
8.20703	4521
8.20892	4584
8.21503	4646
8.21692	4707
8.22303	4768
8.22492	4828
8.23103	4887
8.23292	4945
8.23903	5003
8.24092	5060
8.24703	5116
8.24964	5172
8.25599	1072
8.27005	1340
8.27802	1554
8.286	1738
8.29397	1903
8.301	2053
8.30803	2192
8.31506	2323
8.31695	2446
8.32304	2563
8.32492	2675
8.33101	2782
8.3329	2885
8.33899	2984
8.34087	3080
8.34602	3173
8.3479	3263
8.35305	3351
8.35493	3436
8.35682	3519
8.36102	3600
8.36291	3679
8.3648	3757
8.369	3833
8.37088	3907
8.37277	3980
8.37603	4052
8.37791	4122
8.37978	4191
8.38397	4259
8.38563	4326
8.39197	4392
8.39363	4457
8.39997	4521
8.40163	4584
8.40797	4646
8.40963	4707
8.41597	4768
8.41763	4828
8.42397	4887
8.42563	4945
8.43197	5003
8.43363	5060
8.43997	5116
8.44163	5172
8.44797	5227
8.44963	5281
8.45597	5335
8.45763	5388
8.46397	5441
8.46563	5493
8.47197	5545
8.47363	5596
8.47997	5647
8.48163	5697
8.48797	5747
8.48963	5796
8.49597	5845
8.49763	5894
8.50397	5942
8.50563	5990
8.51197	6037
8.51363	6084
8.51997	6131
8.52163	6177
8.52797	6223
8.52963	6269
8.53597	6314
8.53763	6359
8.54397	6404
8.54563	6448
8.55197	6492
8.55363	6536
8.55997	6579
8.56163	6622
8.56797	6665
8.56963	6708
8.57597	6750
8.57763	6792
8.58397	6834
8.58563	6876
8.59197	6917
8.59363	6958
8.59997	6999
8.60163	7040
8.60797	7080
8.60963	7120
8.61597	7160
8.61763	7200
8.62397	7239
8.62563	7278
8.63197	7317
8.63363	7356
8.63997	7395
8.64163	7433
8.64797	7471
8.64963	7509
8.65597	7547
8.65763	7585
8.66397	7622
8.66563	7659
8.67197	7696
8.67363	7733
8.67997	7770
8.68163	7806
8.68893	7842
8.69504	1072
8.7091	1340
8.71708	1554
8.72505	1738
8.73303	1903
8.74006	2053
8.74709	2192
8.75412	2323
8.75601	2446
8.76209	2563
8.76398	2675
8.77007	2782
8.77196	2885
8.77804	2984
8.77993	3080
8.78507	3173
8.78696	3263
8.7921	3351
8.79399	3436
8.79588	3519
8.80008	3600
8.80196	3679
8.80385	3757
8.80805	3833
8.80994	3907
8.81183	3980
8.81508	4052
8.81697	4122
8.81883	4191
8.82397	4259
8.82563	4326
8.83197	4392
8.83363	4457
8.83997	4521
8.84163	4584
8.84797	4646
8.84963	4707
8.85597	4768
8.85763	4828
8.86397	4887
8.86563	4945
8.87197	5003
8.87363	5060
8.87997	5116
8.88163	5172
8.88797	5227
8.88963	5281
8.89597	5335
8.90399	1072
8.91805	1340
8.92602	1554
8.934	1738
8.94197	1903
8.949	2053
8.95603	2192
8.96306	2323
8.96495	2446
8.97104	2563
8.97292	2675
8.97901	2782
8.9809	2885
8.98699	2984
8.98887	3080
8.99402	3173
8.9959	3263
9.00105	3351
9.00293	3436
9.00482	3519
9.00902	3600
9.01091	3679
9.0128	3757
9.017	3833
9.01888	3907
9.02077	3980
9.02403	4052
9.02591	4122
9.02778	4191
9.03197	4259
9.03363	4326
9.03997	4392
9.04163	4457
9.04797	4521
9.04963	4584
9.05597	4646
9.05763	4707
9.06397	4768
9.06563	4828
9.07197	4887
9.07363	4945
9.07997	5003
9.08163	5060
9.08797	5116
9.08963	5172
9.09597	5227
9.09763	5281
9.10397	5335
9.10563	5388
9.11197	5441
9.11363	5493
9.11997	5545
9.12163	5596
9.12797	5647
9.12963	5697
9.13597	5747
9.13763	5796
9.14397	5845
9.14563	5894
9.15197	5942
9.15363	5990
9.15997	6037
9.16163	6084
9.16797	6131
9.16963	6177
9.17597	6223
9.17763	6269
9.18397	6314
9.18563	6359
9.19197	6404
9.19363	6448
9.19997	6492
9.20163	6536
9.20797	6579
9.20963	6622
9.21597	6665
9.21763	6708
9.22397	6750
9.22563	6792
9.23197	6834
9.23363	6876
9.23997	6917
9.24163	6958
9.24797	6999
9.24963	7040
9.25693	7080
9.26304	1072
9.2771	1340
9.28508	1554
9.29305	1738
9.30103	1903
9.30806	2053
9.31509	2192
9.32212	2323
9.32401	2446
9.33009	2563
9.33198	2675
9.33807	2782
9.34605	1072
10.3381	536
10.5521	1072
10.5601	1340
10.5681	1554
10.5761	1738
10.584	1903
10.5911	2053
10.5981	2192
10.6051	2323
10.607	2446
10.6131	2563
10.615	2675
10.6211	2782
10.623	2885
10.629	2984
10.6309	3080
10.6361	3173
10.638	3263
10.6431	3351
10.645	3436
10.6469	3519
10.6511	3600
10.653	3679
10.6549	3757
10.659	3833
10.6609	3907
10.6628	3980
10.6661	4052
10.668	4122
10.6699	4191
10.6731	4259
10.675	4326
10.6769	4392
10.6801	4457
10.682	4521
10.6839	4584
10.6858	4646
10.6881	4707
10.69	4768
10.6919	4828
10.6938	4887
10.6961	4945
10.698	5003
10.6999	5060
10.7018	5116
10.7036	5172
10.7055	5227
10.7074	5281
10.7093	5335
10.7112	5388
10.7131	5441
10.715	5493
10.7169	5545
10.7187	5596
10.7206	5647
10.7225	5697
10.7244	5747
10.7263	5796
10.7282	5845
10.7301	5894
10.732	5942
10.7338	5990
10.7367	6037
10.7386	1072
10.7551	1340
10.763	1554
10.771	1738
10.779	1903
10.786	2053
10.793	2192
10.8001	2323
10.802	2446
10.808	2563
10.8099	2675
10.816	2782
10.8179	2885
10.824	2984
10.8259	3080
10.831	3173
10.8329	3263
10.8381	3351
10.8399	3436
10.8418	3519
10.846	3600
10.8479	3679
10.8498	3757
10.854	3833
10.8559	3907
10.8578	3980
10.861	4052
10.8629	4122
10.8648	4191
10.8681	4259
10.8699	4326
10.8718	4392
10.8751	4457
10.877	4521
10.8789	4584
10.8808	4646
10.8831	4707
10.885	4768
10.8868	4828
10.8887	4887
10.891	4945
10.8929	5003
10.8948	5060
10.8967	5116
10.8986	5172
10.9005	5227
10.9024	5281
10.9043	5335
10.9061	5388
10.908	5441
10.9099	5493
10.9118	5545
10.9137	5596
10.9156	5647
10.9175	5697
10.9194	5747
10.9212	5796
10.9231	5845
10.925	5894
10.9269	5942
10.9288	5990
10.9307	6037
10.9326	6084
10.9345	6131
10.9364	6177
10.9382	6223
10.9401	6269
10.942	6314
10.9439	6359
10.9458	6404
10.9477	6448
10.9496	6492
10.9515	6536
10.9533	6579
10.9552	6622
10.9571	6665
10.959	6708
10.9609	6750
10.9628	6792
10.9647	6834
10.9666	6876
10.9684	6917
10.9703	6958
10.9722	6999
10.9741	7040
10.976	7080
10.9779	7120
10.9798	7160
10.9817	7200
10.9836	7239
10.9854	7278
10.9873	7317
10.9892	7356
10.9911	7395
10.993	7433
10.9949	7471
10.9968	7509
10.9987	7547
11.0005	7585
11.0024	7622
11.0043	7659
11.0062	7696
11.0081	7733
11.01	7770
11.0119	7806
11.0138	7842
11.0156	7878
11.0175	7914
11.0194	7950
11.0213	7986
11.0232	8021
11.0251	8056
11.027	8091
11.0289	8126
11.0308	8161
11.0326	8196
11.0345	8231
11.0364	8265
11.0383	8299
11.0402	8333
11.0421	8367
11.044	8401
11.0459	8435
11.0477	8469
11.0496	8502
11.0515	8535
11.0534	8568
11.0553	8601
11.0572	8634
11.0591	8667
11.061	8700
11.0628	8733
11.0647	8765
11.0666	8797
11.0685	8829
11.0704	8861
11.0723	8893
11.0742	8925
11.0761	8957
11.078	8989
11.0798	9020
11.0817	9051
11.0836	9082
11.0855	9113
11.0874	9144
11.0893	9175
11.0912	9206
11.0931	9237
11.0949	9268
11.0968	9298
11.0987	9328
11.1006	9358
11.1025	9388
11.1037	9418
11.1056	9448
11.1073	9478
11.1091	9508
11.111	9538
11.1129	9568
11.119	9598
11.1209	9627
11.127	9656
11.1289	9685
11.135	9714
11.1369	9743
11.143	9772
11.1449	9801
11.151	9830
11.1529	9859
11.159	9888
11.1609	9917
11.167	9945
11.1689	9973
11.175	10001
11.1769	10029
11.183	10057
11.1849	10085
11.191	10113
11.1929	10141
11.199	10169
11.2009	10197
11.207	10225
11.2089	10253
11.215	10281
11.2169	10308
11.224	10335
11.2256	1072
11.2416	1340
11.2496	1554
11.2576	1738
11.2655	1903
11.2726	2053
11.2796	2192
11.2866	2323
11.2885	2446
11.2946	2563
11.2965	2675
11.3026	2782
11.3045	2885
11.3106	2984
11.3124	3080
11.3176	3173
11.3195	3263
11.3246	3351
11.3265	3436
11.3284	3519
11.3326	3600
11.3345	3679
11.3364	3757
11.3406	3833
11.3425	3907
11.3439	3980
11.3476	4052
11.351	4122
11.3529	4191
11.359	4259
11.3609	4326
11.367	4392
11.3689	4457
11.375	4521
11.3769	4584
11.383	4646
11.3849	4707
11.391	4768
11.3929	4828
11.399	4887
11.4009	4945
11.407	5003
11.4089	5060
11.415	5116
11.4169	5172
11.423	5227
11.4249	5281
11.431	5335
11.4329	5388
11.439	5441
11.4409	5493
11.447	5545
11.4489	5596
11.455	5647
11.4569	5697
11.463	5747
11.4649	5796
11.471	5845
11.4729	5894
11.479	5942
11.4809	5990
11.487	6037
11.4889	6084
11.495	6131
11.4969	6177
11.503	6223
11.5049	6269
11.511	6314
11.5129	6359
11.519	6404
11.5209	6448
11.527	6492
11.5289	6536
11.535	6579
11.5369	6622
11.543	6665
11.5449	6708
11.551	6750
11.5529	6792
11.559	6834
11.5609	6876
11.567	6917
11.5689	6958
11.575	6999
11.5769	7040
11.583	7080
11.5849	7120
11.591	7160
11.5929	7200
11.599	7239
11.6009	7278
11.607	7317
11.6089	7356
11.615	7395
11.6169	7433
11.623	7471
11.6249	7509
11.631	7547
11.6329	7585
11.639	7622
11.6409	7659
11.647	7696
11.6489	7733
11.655	7770
11.6569	7806
11.663	7842
11.6649	7878
11.671	7914
11.6729	7950
11.679	7986
11.6809	8021
11.687	8056
11.6889	8091
11.695	8126
11.6969	8161
11.703	8196
11.7049	8231
11.711	8265
11.7129	8299
11.719	8333
11.7209	8367
11.727	8401
11.7289	8435
11.735	8469
11.7369	8502
11.743	8535
11.7449	8568
11.751	8601
11.7529	8634
11.759	8667
11.7609	8700
11.767	8733
11.7689	8765
11.775	8797
11.7769	8829
11.783	8861
11.7849	8893
11.791	8925
11.7929	8957
11.799	8989
11.8009	9020
11.807	9051
11.8089	9082
11.815	9113
11.8169	9144
11.823	9175
11.8249	9206
11.831	9237
11.8329	9268
11.839	9298
11.8409	9328
11.847	9358
11.8489	9388
11.855	9418
11.8569	9448
11.863	9478
11.8649	9508
11.871	9538
11.8729	9568
11.879	9598
11.8809	9627
11.887	9656
11.8889	9685
11.895	9714
11.8969	9743
11.903	9772
11.9049	9801
11.911	9830
11.9129	9859
11.919	9888
11.9209	9917
11.927	9945
11.9289	9973
11.935	10001
11.9369	10029
11.943	10057
11.9449	10085
11.951	10113
11.9529	10141
11.959	10169
11.9609	10197
11.967	10225
11.9689	10253
11.975	10281
11.9769	10308
11.983	10335
11.9849	10362
11.991	10389
11.9929	10416
11.999	10443
12.0009	10470
12.007	10497
12.0089	10524
12.015	10551
12.0169	10578
12.023	10605
12.0249	10632
12.031	10659
12.0329	10685
12.039	10711
12.0409	10737
12.047	10763
12.0489	10789
12.055	10815
12.0569	10841
12.063	10867
12.0649	10893
12.071	10919
12.0729	10945
12.079	10971
12.0809	10997
12.087	11023
12.0889	11049
12.095	11075
12.0969	11100
12.103	11125
12.1049	11150
12.111	11175
12.1129	11200
12.119	11225
12.1209	11250
12.127	11275
12.1289	11300
12.135	11325
12.1369	11350
12.143	11375
12.1449	11400
12.151	11425
12.1529	11450
12.159	11475
12.1609	11500
12.167	11524
12.1689	11548
12.175	11572
12.1769	11596
12.183	11620
12.1849	11644
12.191	11668
12.1929	11692
12.199	11716
12.2009	11740
12.207	11764
12.2089	11788
12.215	11812
12.2169	11836
12.223	11860
12.2249	11884
12.231	11908
12.2329	11932
12.239	11956
12.2409	11980
12.247	12003
12.2489	12026
12.255	12049
12.2569	12072
12.263	12095
12.2649	12118
12.271	12141
12.2729	12164
12.279	12187
12.2809	12210
12.287	12233
12.2889	12256
12.295	12279
12.2969	12302
12.303	12325
12.3049	12348
12.311	12371
12.3129	12394
12.319	12417
12.3209	12440
12.327	12463
12.3289	12486
12.335	12509
12.3369	12531
12.343	12553
12.3449	12575
12.351	12597
12.3529	12619
12.359	12641
12.3609	12663
12.367	12685
12.3689	12707
12.375	12729
12.3776	12751
12.384	1072
12.398	1340
12.406	1554
12.414	1738
12.422	1903
12.429	2053
12.436	2192
12.4431	2323
12.445	2446
12.451	2563
12.4529	2675
12.459	2782
12.4609	2885
12.467	2984
12.4689	3080
12.474	3173
12.4759	3263
12.481	3351
12.4829	3436
12.4848	3519
12.489	3600
12.4909	3679
12.4928	3757
12.497	3833
12.4989	3907
12.5008	3980
12.504	4052
12.5059	4122
12.5078	4191
12.512	4259
12.5136	4326
12.5216	1072
12.5376	1340
12.5456	1554
12.5536	1738
12.5615	1903
12.5686	2053
12.5756	2192
12.5826	2323
12.5845	2446
12.5906	2563
12.5925	2675
12.5986	2782
12.6005	2885
12.6066	2984
12.6084	3080
12.6136	3173
12.6155	3263
12.6206	3351
12.6225	3436
12.6244	3519
12.6286	3600
12.6305	3679
12.6324	3757
12.6366	3833
12.6385	3907
12.6399	3980
12.6436	4052
12.647	4122
12.6489	4191
12.655	4259
12.6569	4326
12.663	4392
12.6649	4457
12.671	4521
12.6729	4584
12.679	4646
12.6809	4707
12.687	4768
12.6889	4828
12.695	4887
12.6969	4945
12.703	5003
12.7049	5060
12.711	5116
12.7129	5172
12.719	5227
12.7209	5281
12.727	5335
12.7289	5388
12.735	5441
12.7369	5493
12.743	5545
12.7449	5596
12.751	5647
12.7529	5697
12.759	5747
12.7609	5796
12.767	5845
12.7689	5894
12.775	5942
12.7769	5990
12.783	6037
12.7849	6084
12.791	6131
12.7929	6177
12.799	6223
12.8009	6269
12.807	6314
12.8089	6359
12.815	6404
12.8169	6448
12.823	6492
12.8249	6536
12.831	6579
12.8329	6622
12.839	6665
12.8409	6708
12.847	6750
12.8489	6792
12.855	6834
12.8569	6876
12.863	6917
12.8649	6958
12.871	6999
12.8729	7040
12.879	7080
12.8809	7120
12.887	7160
12.8889	7200
12.895	7239
12.8969	7278
12.903	7317
12.9049	7356
12.911	7395
12.9129	7433
12.919	7471
12.9209	7509
12.927	7547
12.9289	7585
12.935	7622
12.9369	7659
12.943	7696
12.9449	7733
12.951	7770
12.9529	7806
12.959	7842
12.9609	7878
12.967	7914
12.9689	7950
12.975	7986
12.9769	8021
12.983	8056
12.9849	8091
12.991	8126
12.9929	8161
12.999	8196
13.0009	8231
13.007	8265
13.0089	8299
13.015	8333
13.0169	8367
13.023	8401
13.0249	8435
13.031	8469
13.0329	8502
13.039	8535
13.0409	8568
13.047	8601
13.0489	8634
13.055	8667
13.0569	8700
13.063	8733
13.0649	8765
13.071	8797
13.0729	8829
13.079	8861
13.0809	8893
13.087	8925
13.0889	8957
13.095	8989
13.0969	9020
13.103	9051
13.1049	9082
13.111	9113
13.1129	9144
13.119	9175
13.1209	9206
13.127	9237
13.1289	9268
13.135	9298
13.1369	9328
13.143	9358
13.1449	9388
13.151	9418
13.1529	9448
13.159	9478
13.1609	9508
13.167	9538
13.1689	9568
13.175	9598
13.1769	9627
13.183	9656
13.1849	9685
13.191	9714
13.1929	9743
13.199	9772
13.2009	9801
13.207	9830
13.2089	9859
13.215	9888
13.2169	9917
13.223	9945
13.2249	9973
13.231	10001
13.2329	10029
13.239	10057
13.2409	10085
13.247	10113
13.2489	10141
13.255	10169
13.2569	10197
13.263	10225
13.2649	10253
13.271	10281
13.2729	10308
13.279	10335
13.2809	10362
13.287	10389
13.2889	10416
13.295	10443
13.2969	10470
13.303	10497
13.3049	10524
13.311	10551
13.3129	10578
13.319	10605
13.3209	10632
13.327	10659
13.3289	10685
13.335	10711
13.3369	10737
13.343	10763
13.3449	10789
13.351	10815
13.3529	10841
13.359	10867
13.3609	10893
13.367	10919
13.3689	10945
13.375	10971
13.3769	10997
13.383	11023
13.3849	11049
13.391	11075
13.3929	11100
13.399	11125
13.4009	11150
13.407	11175
13.4089	11200
13.415	11225
13.4169	11250
13.423	11275
13.4249	11300
13.431	11325
13.4329	11350
13.439	11375
13.4409	11400
13.447	11425
13.4489	11450
13.455	11475
13.4569	11500
13.463	11524
13.4649	11548
13.471	11572
13.4729	11596
13.479	11620
13.4809	11644
13.487	11668
13.4889	11692
13.495	11716
13.4969	11740
13.503	11764
13.5049	11788
13.511	11812
13.5129	11836
13.519	11860
13.5209	11884
13.527	11908
13.5289	11932
13.535	11956
13.5369	11980
13.543	12003
13.5449	12026
13.551	12049
13.5529	12072
13.559	12095
13.5609	12118
13.567	12141
13.5689	12164
13.575	12187
13.5769	12210
13.583	12233
13.5849	12256
13.591	12279
13.5929	12302
13.599	12325
13.6009	12348
13.607	12371
13.6089	12394
13.615	12417
13.6169	12440
13.623	12463
13.6249	12486
13.631	12509
13.6329	12531
13.639	12553
13.6409	12575
13.647	12597
13.6489	12619
13.655	12641
13.6569	12663
13.663	12685
13.6649	12707
13.671	12729
13.6729	12751
13.679	12773
13.6809	12795
13.687	12817
13.6889	12839
13.695	12861
13.6969	12883
13.703	12905
13.7049	12927
13.711	12949
13.7129	12971
13.719	12993
13.7209	13015
13.727	13037
13.7289	13059
13.735	13080
13.7369	13101
13.743	13122
13.7449	13143
13.751	13164
13.7529	13185
13.759	13206
13.7609	13227
13.767	13248
13.7689	13269
13.775	13290
13.7769	13311
13.783	13332
13.7849	13353
13.791	13374
13.7929	13395
13.799	13416
13.8009	13437
13.807	13458
13.8089	13479
13.815	13500
13.8169	13521
13.823	13542
13.8249	13563
13.831	13584
13.8329	13605
13.839	13626
13.8409	13647
13.847	13668
13.8489	13689
13.855	13709
13.8569	13729
13.863	13749
13.8649	13769
13.871	13789
13.8729	13809
13.879	13829
13.8809	13849
13.887	13869
13.8889	13889
13.895	13909
13.8969	13929
13.903	13949
13.9049	13969
13.911	13989
13.9129	14009
13.919	14029
13.9209	14049
13.927	14069
13.9289	14089
13.935	14109
13.9369	14129
13.943	14149
13.9449	14169
13.951	14189
13.9529	14209
13.959	14229
13.9609	14249
13.967	14269
13.9689	14289
13.975	14309
13.9769	14329
13.983	14349
13.9849	14369
13.991	14388
13.9929	14407
13.999	14426
14.0009	14445
14.007	14464
14.0089	14483
14.015	14502
14.0169	14521
14.023	14540
14.0249	14559
14.031	14578
14.0329	14597
14.039	14616
14.0409	14635
14.047	14654
14.0489	14673
14.055	14692
14.0569	14711
14.063	14730
14.0649	14749
14.071	14768
14.0729	14787
14.079	14806
14.0809	14825
14.087	14844
14.0889	14863
14.095	14882
14.0969	14901
14.103	14920
14.1049	14939
14.111	14958
14.1129	14977
14.119	14996
14.1209	15015
14.127	15034
14.1289	15053
14.135	15072
14.1369	15091
14.143	15110
14.1449	15129
14.151	15147
14.1529	15165
14.159	15183
14.1609	15201
14.167	15219
14.1689	15237
14.175	15255
14.1769	15273
14.183	15291
14.1849	15309
14.191	15327
14.1929	15345
14.199	15363
14.2009	15381
14.207	15399
14.2089	15417
14.215	15435
14.2169	15453
14.223	15471
14.231	1072
14.2451	1340
14.2531	1554
14.2611	1738
14.269	1903
14.2761	2053
14.2831	2192
14.2901	2323
14.292	2446
14.2981	2563
14.3	2675
14.3061	2782
14.308	2885
14.314	2984
14.3159	3080
14.3211	3173
14.323	3263
14.3281	3351
14.33	3436
14.3319	3519
14.3361	3600
14.338	3679
14.3399	3757
14.3441	3833
14.3459	3907
14.3478	3980
14.3511	4052
14.353	4122
14.3548	4191
14.36	4259
14.3616	4326
14.368	4392
14.3696	4457
14.376	4521
14.3776	4584
14.384	4646
14.3856	4707
14.392	4768
14.3936	4828
14.4	4887
14.4016	4945
14.408	5003
14.4096	5060
14.416	5116
14.4176	5172
14.424	5227
14.4256	5281
14.432	5335
14.4336	5388
14.44	5441
14.4416	5493
14.448	5545
14.4496	5596
14.456	5647
14.4576	5697
14.464	5747
14.4656	5796
14.472	5845
14.4736	5894
14.48	5942
14.4816	5990
14.488	6037
14.4896	6084
14.496	6131
14.4976	6177
14.504	6223
14.5056	6269
14.512	6314
14.5136	6359
14.52	6404
14.5216	6448
14.528	6492
14.5296	6536
14.536	6579
14.5376	6622
14.544	6665
14.5456	6708
14.552	6750
14.5536	6792
14.56	6834
14.5616	6876
14.568	6917
14.5696	6958
14.576	6999
14.5776	7040
14.584	7080
14.5856	7120
14.592	7160
14.5936	7200
14.6	7239
14.6016	7278
14.608	7317
14.6096	7356
14.616	7395
14.6176	7433
14.624	7471
14.6256	7509
14.632	7547
14.6336	7585
14.64	7622
14.6416	7659
14.648	7696
14.6496	7733
14.6569	7770
14.663	1072
14.6771	1340
14.6851	1554
14.6931	1738
14.701	1903
14.7081	2053
14.7151	2192
14.7221	2323
14.724	2446
14.7301	2563
14.732	2675
14.7381	2782
14.74	2885
14.746	2984
14.7479	3080
14.7531	3173
14.755	3263
14.7601	3351
14.762	3436
14.7639	3519
14.7681	3600
14.77	3679
14.7719	3757
14.7761	3833
14.7779	3907
14.7798	3980
14.7831	4052
14.785	4122
14.7868	4191
14.792	4259
14.7936	4326
14.8	4392
14.8016	4457
14.808	4521
14.8096	4584
14.816	4646
14.8176	4707
14.824	4768
14.8256	4828
14.832	4887
14.8336	4945
14.84	5003
14.8416	5060
14.848	5116
14.8496	5172
14.856	5227
14.8576	5281
14.864	5335
14.8656	5388
14.872	5441
14.8736	5493
14.88	5545
14.8816	5596
14.888	5647
14.8896	5697
14.896	5747
14.8976	5796
14.904	5845
14.9056	5894
14.912	5942
14.9136	5990
14.92	6037
14.9216	6084
14.928	6131
14.9296	6177
14.936	6223
14.9376	6269
14.944	6314
14.9456	6359
14.952	6404
14.9536	6448
14.96	6492
14.9616	6536
14.968	6579
14.9696	6622
14.976	6665
14.9776	6708
14.984	6750
14.9856	6792
14.992	6834
14.9936	6876
15	6917
15.0016	6958
15.008	6999
15.0096	7040
15.016	7080
15.0176	7120
15.024	7160
15.0256	7200
15.032	7239
15.0336	7278
15.04	7317
15.0416	7356
15.048	7395
15.0496	7433
15.056	7471
15.0576	7509
15.064	7547
15.0656	7585
15.072	7622
15.0736	7659
15.08	7696
15.0816	7733
15.088	7770
15.0896	7806
15.096	7842
15.0976	7878
15.104	7914
15.1056	7950
15.112	7986
15.1136	8021
15.12	8056
15.1216	8091
15.128	8126
15.1296	8161
15.136	8196
15.1376	8231
15.144	8265
15.1456	8299
15.152	8333
15.1536	8367
15.16	8401
15.1616	8435
15.168	8469
15.1696	8502
15.176	8535
15.1776	8568
15.184	8601
15.1856	8634
15.192	8667
15.1936	8700
15.2	8733
15.2016	8765
15.208	8797
15.2096	8829
15.216	8861
15.2176	8893
15.224	8925
15.231	8957
15.2329	1072
15.2496	1340
15.2576	1554
15.2656	1738
15.2735	1903
15.2806	2053
15.2876	2192
15.2946	2323
15.2965	2446
15.3026	2563
15.3045	2675
15.3106	2782
15.3125	2885
15.3186	2984
15.3204	3080
15.3256	3173
15.3275	3263
15.3326	3351
15.3345	3436
15.3364	3519
15.3406	3600
15.3425	3679
15.3444	3757
15.3486	3833
15.3505	3907
15.3519	3980
15.3556	4052
15.359	4122
15.3609	4191
15.367	4259
15.3689	4326
15.375	4392
15.3769	4457
15.383	4521
15.3849	4584
15.391	4646
15.3929	4707
15.399	4768
15.4009	4828
15.407	4887
15.4089	4945
15.415	5003
15.4169	5060
15.423	5116
15.4249	5172
15.431	5227
15.4329	5281
15.439	5335
15.4409	5388
15.447	5441
15.4489	5493
15.455	5545
15.4569	5596
15.463	5647
15.4649	5697
15.471	5747
15.4729	5796
15.479	5845
15.4809	5894
15.487	5942
15.4889	5990
15.495	6037
15.4969	6084
15.503	6131
15.5049	6177
15.511	6223
15.5129	6269
15.519	6314
15.5209	6359
15.527	6404
15.5289	6448
15.535	6492
15.5369	6536
15.543	6579
15.5449	6622
15.551	6665
15.5529	6708
15.559	6750
15.5609	6792
15.567	6834
15.5689	6876
15.575	6917
15.5769	6958
15.583	6999
15.5849	7040
15.591	7080
15.5929	7120
15.599	7160
15.6009	7200
15.607	7239
15.6089	7278
15.615	7317
15.6169	7356
15.623	7395
15.6249	7433
15.631	7471
15.6329	7509
15.639	7547
15.6409	7585
15.647	7622
15.6489	7659
15.655	7696
15.6569	7733
15.663	7770
15.6649	7806
15.671	7842
15.6729	7878
15.679	7914
15.6809	7950
15.687	7986
15.6889	8021
15.695	8056
15.6969	8091
15.703	8126
15.7049	8161
15.711	8196
15.7129	8231
15.719	8265
15.7209	8299
15.727	8333
15.7289	8367
15.735	8401
15.7369	8435
15.743	8469
15.7449	8502
15.751	8535
15.7529	8568
15.759	8601
15.7609	8634
15.767	8667
15.7689	8700
15.775	8733
15.7769	8765
15.783	8797
15.7849	8829
15.791	8861
15.7929	8893
15.799	8925
15.8009	8957
15.807	8989
15.8089	9020
15.815	9051
15.8169	9082
15.823	9113
15.8249	9144
15.831	9175
15.8329	9206
15.839	9237
15.8409	9268
15.847	9298
15.8489	9328
15.855	9358
15.8569	9388
15.863	9418
15.8649	9448
15.871	9478
15.8729	9508
15.879	9538
15.8809	9568
15.887	9598
15.8889	9627
15.895	9656
15.8969	9685
15.903	9714
15.9049	9743
15.911	9772
15.9129	9801
15.919	9830
15.9209	9859
15.928	9888
15.9296	1072
15.9456	1340
15.9536	1554
15.9616	1738
15.9695	1903
15.9766	2053
15.9836	2192
15.9906	2323
15.9925	2446
15.9986	2563
16.0005	2675
16.0066	2782
16.0085	2885
16.0146	2984
16.0164	3080
16.0216	3173
16.0235	3263
16.0286	3351
16.0305	3436
16.0366	1072
16.0507	1340
16.0587	1554
16.0666	1738
16.0746	1903
16.0816	2053
16.0887	2192
16.0957	2323
16.0976	2446
16.1037	2563
16.1056	2675
16.1116	2782
16.1135	2885
16.1196	2984
16.1215	3080
16.1266	3173
16.1285	3263
16.1337	3351
16.1356	3436
16.1375	3519
16.1417	3600
16.1435	3679
16.1454	3757
16.1496	3833
16.1515	3907
16.1534	3980
16.1567	4052
16.1585	4122
16.1604	4191
16.1637	4259
16.1656	4326
16.167	4392
16.1689	4457
16.175	4521
16.1769	4584
16.183	4646
16.1849	4707
16.191	4768
16.1929	4828
16.199	4887
16.2009	4945
16.207	5003
16.2089	5060
16.215	5116
16.2169	5172
16.223	5227
16.2249	5281
16.231	5335
16.2329	5388
16.239	5441
16.2409	5493
16.247	5545
16.2489	5596
16.255	5647
16.2569	5697
16.263	5747
16.2649	5796
16.271	5845
16.2729	5894
16.279	5942
16.2809	5990
16.288	6037
16.2896	1072
16.3056	1340
16.3136	1554
16.3216	1738
16.3295	1903
16.3366	2053
16.3446	2192
16.3525	1072
16.3666	1340
16.3746	1554
16.3826	1738
16.3905	1903
16.3976	2053
16.4046	2192
16.4116	2323
16.4135	2446
16.4196	2563
16.4215	2675
16.4276	2782
16.4295	2885
16.4356	2984
16.4374	3080
16.4426	3173
16.4445	3263
16.4496	3351
16.4515	3436
16.4534	3519
16.4576	3600
16.4595	3679
16.4614	3757
16.4656	3833
16.4675	3907
16.4693	3980
16.4726	4052
16.4745	4122
16.4764	4191
16.4796	4259
16.4815	4326
16.4867	1072
16.5007	1340
16.5087	1554
16.5167	1738
16.5247	1903
16.5317	2053
16.5387	2192
16.5457	2323
16.5476	2446
16.5537	2563
16.5556	2675
16.5627	2782
16.5697	1072
16.5838	1340
16.5917	1554
16.5997	1738
16.6077	1903
16.6147	2053
16.6217	2192
16.6288	2323
16.6307	2446
16.6367	2563
16.6386	2675
16.6447	2782
16.6466	2885
16.6527	2984
16.6546	3080
16.6597	3173
16.6616	3263
16.6668	3351
16.6686	3436
16.6705	3519
16.6747	3600
16.6766	3679
16.6785	3757
16.6827	3833
16.6846	3907
16.6865	3980
16.6897	4052
16.6916	4122
16.6935	4191
16.6968	4259
16.6987	4326
16.7005	4392
16.7038	4457
16.7057	4521
16.7076	4584
16.7095	4646
16.7118	4707
16.7137	4768
16.7155	4828
16.7174	4887
16.7189	4945
16.7208	5003
16.7225	5060
16.728	5116
16.7296	5172
16.736	5227
16.7376	5281
16.744	5335
16.7456	5388
16.752	5441
16.7536	5493
16.76	5545
16.7616	5596
16.768	5647
16.7696	5697
16.776	5747
16.7776	5796
16.784	5845
16.7856	5894
16.792	5942
16.7936	5990
16.8	6037
16.8016	6084
16.808	6131
16.8096	6177
16.816	6223
16.8176	6269
16.824	6314
16.8256	6359
16.832	6404
16.8336	6448
16.84	6492
16.8416	6536
16.848	6579
16.8496	6622
16.856	6665
16.8576	6708
16.864	6750
16.8656	6792
16.872	6834
16.8736	6876
16.88	6917
16.8816	6958
16.888	6999
16.8896	7040
16.896	7080
16.8976	7120
16.904	7160
16.9056	7200
16.912	7239
16.9136	7278
16.92	7317
16.9216	7356
16.928	7395
16.9296	7433
16.936	7471
16.9376	7509
16.944	7547
16.9456	7585
16.952	7622
16.9536	7659
16.96	7696
16.9616	7733
16.968	7770
16.9696	7806
16.976	7842
16.9776	7878
16.984	7914
16.9856	7950
16.992	7986
16.9936	8021
17	8056
17.0016	8091
17.008	8126
17.0096	8161
17.016	8196
17.0176	8231
17.024	8265
17.0256	8299
17.032	8333
17.0336	8367
17.04	8401
17.0416	8435
17.048	8469
17.0496	8502
17.056	8535
17.0576	8568
17.064	8601
17.0656	8634
17.072	8667
17.0736	8700
17.08	8733
17.0816	8765
17.088	8797
17.0896	8829
17.096	8861
17.0976	8893
17.104	8925
17.1056	8957
17.112	8989
17.1136	9020
17.12	9051
17.1216	9082
17.128	9113
17.1296	9144
17.136	9175
17.1376	9206
17.144	9237
17.1456	9268
17.152	9298
17.1536	9328
17.16	9358
17.1616	9388
17.168	9418
17.1696	9448
17.176	9478
17.1776	9508
17.184	9538
17.1856	9568
17.192	9598
17.1936	9627
17.2	9656
17.2016	9685
17.208	9714
17.2096	9743
17.216	9772
17.2176	9801
17.224	9830
17.2256	9859
17.232	9888
17.2336	9917
17.24	9945
17.2416	9973
17.248	10001
17.2496	10029
17.256	10057
17.2576	10085
17.264	10113
17.2656	10141
17.272	10169
17.28	1072
17.294	1340
17.302	1554
17.31	1738
17.318	1903
17.325	2053
17.332	2192
17.3391	2323
17.341	2446
17.347	2563
17.3489	2675
17.355	2782
17.3569	2885
17.363	2984
17.3649	3080
17.37	3173
17.3719	3263
17.377	3351
17.3789	3436
17.3808	3519
17.385	3600
17.3869	3679
17.3888	3757
17.393	3833
17.3949	3907
17.3968	3980
17.4	4052
17.4019	4122
17.4038	4191
17.408	4259
17.4096	4326
17.416	4392
17.4176	4457
17.424	4521
17.4256	4584
17.432	4646
17.4336	4707
17.44	4768
17.4416	4828
17.448	4887
17.4496	4945
17.456	5003
17.4576	5060
17.464	5116
17.4656	5172
17.472	5227
17.4736	5281
17.48	5335
17.4816	5388
17.488	5441
17.4896	5493
17.496	5545
17.4976	5596
17.504	5647
17.5056	5697
17.512	5747
17.52	1072
17.534	1340
17.542	1554
17.55	1738
17.558	1903
17.565	2053
17.572	2192
17.5791	2323
17.581	2446
17.587	2563
17.5889	2675
17.595	2782
17.5969	2885
17.603	2984
17.6049	3080
17.61	3173
17.6119	3263
17.617	3351
17.6189	3436
17.6208	3519
17.625	3600
17.6269	3679
17.6288	3757
17.633	3833
17.6349	3907
17.6368	3980
17.64	4052
17.6419	4122
17.6438	4191
17.648	4259
17.6496	4326
17.656	4392
17.6576	4457
17.664	4521
17.6656	4584
17.672	4646
17.6736	4707
17.68	4768
17.6816	4828
17.688	4887
17.6896	4945
17.696	5003
17.6976	5060
17.704	5116
17.7056	5172
17.712	5227
17.7136	5281
17.72	5335
17.7216	5388
17.728	5441
17.7296	5493
17.736	5545
17.7376	5596
17.744	5647
17.7456	5697
17.752	5747
17.7536	5796
17.76	5845
17.7616	5894
17.768	5942
17.7696	5990
17.776	6037
17.7776	6084
17.784	6131
17.7856	6177
17.792	6223
17.7936	6269
17.8	6314
17.8016	6359
17.808	6404
17.8096	6448
17.816	6492
17.8176	6536
17.824	6579
17.8256	6622
17.832	6665
17.8336	6708
17.84	6750
17.8416	6792
17.848	6834
17.8496	6876
17.856	6917
17.8576	6958
17.864	6999
17.8656	7040
17.872	7080
17.8736	7120
17.88	7160
17.8816	7200
17.888	7239
17.8896	7278
17.896	7317
17.8976	7356
17.904	7395
17.9056	7433
17.912	7471
17.9136	7509
17.92	7547
17.9216	7585
17.928	7622
17.9296	7659
17.936	7696
17.9376	7733
17.944	7770
17.9456	7806
17.952	7842
17.9536	7878
17.96	7914
17.9616	7950
17.968	7986
17.9696	8021
17.976	8056
17.9776	8091
17.984	8126
17.9856	8161
17.992	8196
17.9936	8231
18	8265
18.0016	8299
18.008	8333
18.0096	8367
18.016	8401
18.0176	8435
18.024	8469
18.0256	8502
18.032	8535
18.0336	8568
18.04	8601
18.0416	8634
18.048	8667
18.0496	8700
18.056	8733
18.0576	8765
18.064	8797
18.0656	8829
18.072	8861
18.0736	8893
18.08	8925
18.0816	8957
18.088	8989
18.0896	9020
18.096	9051
18.0976	9082
18.104	9113
18.1056	9144
18.112	9175
18.1136	9206
18.12	9237
18.1216	9268
18.128	9298
18.1296	9328
18.136	9358
18.1376	9388
18.144	9418
18.1456	9448
18.152	9478
18.1536	9508
18.16	9538
18.1616	9568
18.168	9598
18.1696	9627
18.176	9656
18.1776	9685
18.184	9714
18.1856	9743
18.192	9772
18.1936	9801
18.2	9830
18.2016	9859
18.208	9888
18.2096	9917
18.216	9945
18.2176	9973
18.224	10001
18.2256	10029
18.232	10057
18.2336	10085
18.2409	10113
18.247	1072
18.2611	1340
18.2691	1554
18.2771	1738
18.285	1903
18.2921	2053
18.2991	2192
18.3061	2323
18.308	2446
18.3141	2563
18.316	2675
18.3221	2782
18.324	2885
18.33	2984
18.3319	3080
18.3371	3173
18.339	3263
18.3441	3351
18.346	3436
18.3479	3519
18.3521	3600
18.354	3679
18.3559	3757
18.3601	3833
18.3619	3907
18.3638	3980
18.3671	4052
18.369	4122
18.3708	4191
18.376	4259
18.3776	4326
18.384	4392
18.3856	4457
18.392	4521
18.3936	4584
18.4	4646
18.4016	4707
18.4089	4768
18.415	1072
18.4291	1340
18.4371	1554
18.4451	1738
18.453	1903
18.4601	2053
18.4671	2192
18.4741	2323
18.476	2446
18.4821	2563
18.484	2675
18.4901	2782
18.492	2885
18.498	2984
18.4999	3080
18.5051	3173
18.507	3263
18.5121	3351
18.514	3436
18.5159	3519
18.5201	3600
18.522	3679
18.5239	3757
18.529	3833
18.5309	1072
18.5459	1340
18.5539	1554
18.5619	1738
18.5698	1903
18.5769	2053
18.5839	2192
18.5909	2323
18.5928	2446
18.5989	2563
18.6008	2675
18.6069	2782
18.6088	2885
18.6149	2984
18.6167	3080
18.6219	3173
18.6238	3263
18.6289	3351
18.6308	3436
18.6327	3519
18.6369	3600
18.6388	3679
18.6407	3757
18.6449	3833
18.6467	3907
18.6486	3980
18.6519	4052
18.6538	4122
18.655	4191
18.6569	4259
18.663	4326
18.6649	4392
18.671	4457
18.6729	4521
18.679	4584
18.6809	4646
18.687	4707
18.6889	4768
18.695	4828
18.6969	4887
18.703	4945
18.7056	5003
18.712	1072
18.726	1340
18.734	1554
18.742	1738
18.75	1903
18.757	2053
18.764	2192
18.7711	2323
18.773	2446
18.779	2563
18.7809	2675
18.787	2782
18.7889	2885
18.795	2984
18.7969	3080
18.802	3173
18.8039	3263
18.809	3351
18.8109	3436
18.8128	3519
18.817	3600
18.8189	3679
18.8208	3757
18.825	3833
18.8269	3907
18.8288	3980
18.832	4052
18.8339	4122
18.8358	4191
18.84	4259
18.8416	4326
18.848	4392
18.8496	4457
18.856	4521
18.8576	4584
18.864	4646
18.8656	4707
18.872	4768
18.8736	4828
18.88	4887
18.8816	4945
18.888	5003
18.8896	5060
18.896	5116
18.8976	5172
18.904	5227
18.9056	5281
18.912	5335
18.9136	5388
18.92	5441
18.9216	5493
18.928	5545
18.9296	5596
18.936	5647
18.9376	5697
18.944	5747
18.9456	5796
18.952	5845
18.9536	5894
18.96	5942
18.9616	5990
18.968	6037
18.9696	6084
18.976	6131
18.9776	6177
18.984	6223
18.9856	6269
18.992	6314
18.9936	6359
19	6404
19.0016	6448
19.008	6492
19.0096	6536
19.016	6579
19.0176	6622
19.024	6665
19.0256	6708
19.032	6750
19.0336	6792
19.04	6834
19.0416	6876
19.048	6917
19.0496	6958
19.056	6999
19.0576	7040
19.064	7080
19.0656	7120
19.072	7160
19.0736	7200
19.08	7239
19.0816	7278
19.088	7317
19.0896	7356
19.096	7395
19.0976	7433
19.104	7471
19.1056	7509
19.112	7547
19.1136	7585
19.12	7622
19.1216	7659
19.128	7696
19.1296	7733
19.136	7770
19.1376	7806
19.144	7842
19.1456	7878
19.152	7914
19.1536	7950
19.16	7986
19.1616	8021
19.168	8056
19.1696	8091
19.176	8126
19.1776	8161
19.184	8196
19.1856	8231
19.192	8265
19.1936	8299
19.2	8333
19.2016	8367
19.208	8401
19.2096	8435
19.216	8469
19.2176	8502
19.224	8535
19.2256	8568
19.232	8601
19.2336	8634
19.24	8667
19.2416	8700
19.248	8733
19.2496	8765
19.256	8797
19.2576	8829
19.264	8861
19.2656	8893
19.272	8925
19.2736	8957
19.28	8989
19.2816	9020
19.288	9051
19.2896	9082
19.296	9113
19.2976	9144
19.304	9175
19.3056	9206
19.312	9237
19.3136	9268
19.32	9298
19.3216	9328
19.328	9358
19.3296	9388
19.336	9418
19.3376	9448
19.344	9478
19.3456	9508
19.352	9538
19.3536	9568
19.36	9598
19.3616	9627
19.368	9656
19.3696	9685
19.376	9714
19.3776	9743
19.384	9772
19.3856	9801
19.392	9830
19.3936	9859
19.4	9888
19.4016	9917
19.408	9945
19.4096	9973
19.416	10001
19.4176	10029
19.424	10057
19.4256	10085
19.432	10113
19.4336	10141
19.44	10169
19.4416	10197
19.448	10225
19.4496	10253
19.456	10281
19.4576	10308
19.464	10335
19.4656	10362
19.472	10389
19.4736	10416
19.48	10443
19.4816	10470
19.488	10497
19.4896	10524
19.496	10551
19.4976	10578
19.504	10605
19.5056	10632
19.512	10659
19.5136	10685
19.52	10711
19.527	10737
19.5289	1072
19.5456	1340
19.5536	1554
19.5616	1738
19.5695	1903
19.5766	2053
19.5836	2192
19.5906	2323
19.5925	2446
19.5986	2563
19.6005	2675
19.6066	2782
19.6085	2885
19.6146	2984
19.6164	3080
19.6216	3173
19.6235	3263
19.6286	3351
19.6305	3436
19.6324	3519
19.6366	3600
19.6385	3679
19.6404	3757
19.6446	3833
19.6465	3907
19.6479	3980
19.6516	4052
19.655	4122
19.6569	4191
19.663	4259
19.6649	4326
19.671	4392
19.6729	4457
19.679	4521
19.6809	4584
19.687	4646
19.6889	4707
19.695	4768
19.6969	4828
19.703	4887
19.7049	4945
19.711	5003
19.7129	5060
19.719	5116
19.7209	5172
19.727	5227
19.7289	5281
19.735	5335
19.7369	5388
19.743	5441
19.7449	5493
19.751	5545
19.7529	5596
19.759	5647
19.7609	5697
19.767	5747
19.7689	5796
19.775	5845
19.7769	5894
19.783	5942
19.7849	5990
19.791	6037
19.7929	6084
19.799	6131
19.8009	6177
19.807	6223
19.8089	6269
19.815	6314
19.8169	6359
19.823	6404
19.8249	6448
19.831	6492
19.8329	6536
19.839	6579
19.8409	6622
19.847	6665
19.8489	6708
19.855	6750
19.8569	6792
19.863	6834
19.8649	6876
19.871	6917
19.8729	6958
19.879	6999
19.8809	7040
19.887	7080
19.8889	7120
19.895	7160
19.8969	7200
19.903	7239
19.9049	7278
19.911	7317
19.9129	7356
19.919	7395
19.9209	7433
19.927	7471
19.9289	7509
19.935	7547
19.9369	7585
19.943	7622
19.9449	7659
19.952	7696
19.9536	1072
19.9696	1340
19.9776	1554
19.9856	1738
19.9935	1903
20.0006	2053
20.0076	2192
20.0146	2323
20.0165	2446
20.0226	2563
20.0245	2675
20.0306	2782
20.0325	2885
20.0386	2984
20.0404	3080
20.0456	3173
20.0475	3263
20.0526	3351
20.0545	3436
20.0564	3519
20.0606	3600
20.0625	3679
20.0644	3757
20.0686	3833
20.0705	3907
20.0719	3980
20.0756	4052
20.079	4122
20.0809	4191
20.087	4259
20.0889	4326
20.095	4392
20.0969	4457
20.103	4521
20.1049	4584
20.111	4646
20.1129	4707
20.119	4768
20.1209	4828
20.127	4887
20.1289	4945
20.135	5003
20.1369	5060
20.143	5116
20.1449	5172
20.151	5227
20.1529	5281
20.159	5335
20.1609	5388
20.167	5441
20.1689	5493
20.175	5545
20.1769	5596
20.183	5647
20.1849	5697
20.191	5747
20.1929	5796
20.199	5845
20.2009	5894
20.207	5942
20.2089	5990
20.215	6037
20.2169	6084
20.223	6131
20.2249	6177
20.231	6223
20.2329	6269
20.239	6314
20.2409	6359
20.247	6404
20.2489	6448
20.255	6492
20.2569	6536
20.263	6579
20.2649	6622
20.271	6665
20.2729	6708
20.279	6750
20.2809	6792
20.287	6834
20.2889	6876
20.295	6917
20.2969	6958
20.303	6999
20.3049	7040
20.311	7080
20.3129	7120
20.319	7160
20.3209	7200
20.327	7239
20.3289	7278
20.335	7317
20.3369	7356
20.343	7395
20.3449	7433
20.351	7471
20.3529	7509
20.359	7547
20.3609	7585
20.367	7622
20.3689	7659
20.375	7696
20.3769	7733
20.383	7770
20.3849	7806
20.391	7842
20.3929	7878
20.399	7914
20.4009	7950
20.407	7986
20.4089	8021
20.415	8056
20.4169	8091
20.423	8126
20.4249	8161
20.431	8196
20.4329	8231
20.439	8265
20.4409	8299
20.447	8333
20.4489	8367
20.455	8401
20.4569	8435
20.463	8469
20.4649	8502
20.471	8535
20.4729	8568
20.479	8601
20.4809	8634
20.487	8667
20.4889	8700
20.495	8733
20.4969	8765
20.503	8797
20.5049	8829
20.511	8861
20.5129	8893
20.519	8925
20.5209	8957
20.527	8989
20.5289	9020
20.535	9051
20.5369	9082
20.543	9113
20.5449	9144
20.551	9175
20.5529	9206
20.559	9237
20.5609	9268
20.567	9298
20.5689	9328
20.575	9358
20.5769	9388
20.583	9418
20.5849	9448
20.591	9478
20.5929	9508
20.599	9538
20.6009	9568
20.607	9598
20.6089	9627
20.615	9656
20.6169	9685
20.623	9714
20.6249	9743
20.631	9772
20.6329	9801
20.639	9830
20.6409	9859
20.647	9888
20.6489	9917
20.655	9945
20.6569	9973
20.663	10001
20.6649	10029
20.671	10057
20.6729	10085
20.679	10113
20.6809	10141
20.687	10169
20.6889	10197
20.695	10225
20.6969	10253
20.703	10281
20.7049	10308
20.711	10335
20.7129	10362
20.719	10389
20.7209	10416
20.727	10443
20.7289	10470
20.735	10497
20.7369	10524
20.743	10551
20.7449	10578
20.751	10605
20.7529	10632
20.759	10659
20.7609	10685
20.767	10711
20.7689	10737
20.776	10763
20.7776	1072
20.7936	1340
20.8016	1554
20.8096	1738
20.8175	1903
20.8246	2053
20.8316	2192
20.8386	2323
20.8405	2446
20.8466	2563
20.8485	2675
20.8546	2782
20.8565	2885
20.8626	2984
20.8644	3080
20.8696	3173
20.8715	3263
20.8766	3351
20.8785	3436
20.8804	3519
20.8846	3600
20.8884	1072
20.903	1340
20.911	1554
21.118	1738
21.1321	1072
21.1461	1340
21.1541	1554
21.1621	1738
21.1701	1903
21.1771	2053
21.1841	2192
21.1911	2323
21.193	2446
21.1991	2563
21.201	2675
21.2071	2782
21.209	2885
21.2151	2984
21.217	3080
21.2221	3173
21.224	3263
21.2291	3351
21.231	3436
21.2329	3519
21.2371	3600
21.239	3679
21.2409	3757
21.2451	3833
21.247	3907
21.2489	3980
21.2521	4052
21.254	4122
21.2559	4191
21.2591	4259
21.261	4326
21.2629	4392
21.2662	4457
21.2681	4521
21.2699	4584
21.2718	4646
21.2741	4707
21.276	4768
21.2779	4828
21.2798	4887
21.2821	4945
21.284	5003
21.2859	5060
21.2878	5116
21.2897	5172
21.2916	5227
21.2934	5281
21.2953	5335
21.2972	5388
21.2991	5441
21.301	5493
21.3029	5545
21.3048	5596
21.3067	5647
21.3085	5697
21.3104	5747
21.3123	5796
21.3142	5845
21.3161	5894
21.318	5942
21.3199	5990
21.3218	6037
21.3237	6084
21.3255	6131
21.3274	6177
21.3293	6223
21.3312	6269
21.3331	6314
21.335	6359
21.3369	6404
21.3388	6448
21.3406	6492
21.3425	6536
21.3444	6579
21.3463	6622
21.3482	6665
21.3501	6708
21.352	6750
21.3539	6792
21.3557	6834
21.3576	6876
21.3595	6917
21.3614	6958
21.3633	6999
21.3652	7040
21.3671	7080
21.369	7120
21.3709	7160
21.3727	7200
21.3746	7239
21.3765	7278
21.3784	7317
21.3803	7356
21.3822	7395
21.3841	7433
21.386	7471
21.3878	7509
21.3897	7547
21.3916	7585
21.3935	7622
21.3954	7659
21.3973	7696
21.3992	7733
21.4011	7770
21.4029	7806
21.4048	7842
21.4067	7878
21.4086	7914
21.4105	7950
21.4124	7986
21.4143	8021
21.4162	8056
21.4181	8091
21.4199	8126
21.4218	8161
21.4237	8196
21.4256	8231
21.4275	8265
21.4294	8299
21.4313	8333
21.4332	8367
21.435	8401
21.4367	8435
21.44	8469
21.4416	8502
21.448	8535
21.4496	8568
21.456	8601
21.4576	8634
21.464	8667
21.4656	8700
21.472	8733
21.4736	8765
21.48	8797
21.4816	8829
21.488	8861
21.4896	8893
21.496	8925
21.4976	8957
21.504	8989
21.5056	9020
21.512	9051
21.5136	9082
21.52	9113
21.5216	9144
21.528	9175
21.5296	9206
21.536	9237
21.5376	9268
21.544	9298
21.5456	9328
21.552	9358
21.5536	9388
21.56	9418
21.5616	9448
21.568	9478
21.5696	9508
21.576	9538
21.5776	9568
21.584	9598
21.5856	9627
21.592	9656
21.5936	9685
21.6	9714
21.6016	9743
21.608	9772
21.6096	9801
21.616	9830
21.6176	9859
21.624	9888
21.6256	9917
21.632	9945
21.6336	9973
21.64	10001
21.6416	10029
21.648	10057
21.6496	10085
21.656	10113
21.6576	10141
21.664	10169
21.6656	10197
21.672	10225
21.6736	10253
21.68	10281
21.6816	10308
21.688	10335
21.6896	10362
21.696	10389
21.6976	10416
21.704	10443
21.7056	10470
21.712	10497
21.7136	10524
21.72	10551
21.7216	10578
21.728	10605
21.7296	10632
21.736	10659
21.7376	10685
21.744	10711
21.7456	10737
21.752	10763
21.7536	10789
21.76	10815
21.7616	10841
21.768	10867
21.7696	10893
21.776	10919
21.7776	10945
21.784	10971
21.7856	10997
21.792	11023
21.7936	11049
21.8	11075
21.8016	11100
21.808	11125
21.8096	11150
21.816	11175
21.8176	11200
21.824	11225
21.8256	11250
21.832	11275
21.8336	11300
21.84	11325
21.8416	11350
21.848	11375
21.8496	11400
21.856	11425
21.8576	11450
21.864	11475
21.8656	11500
21.872	11524
21.8736	11548
21.88	11572
21.8816	11596
21.888	11620
21.8896	11644
21.896	11668
21.8976	11692
21.904	11716
21.9056	11740
21.912	11764
21.9136	11788
21.92	11812
21.9216	11836
21.928	11860
21.9296	11884
21.936	11908
21.9376	11932
21.944	11956
21.9456	11980
21.952	12003
21.9536	12026
21.96	12049
21.9616	12072
21.968	12095
21.9696	12118
21.976	12141
21.9776	12164
21.984	12187
21.9856	12210
21.992	12233
21.9936	12256
22	12279
22.0016	12302
22.008	12325
22.0096	12348
22.016	12371
22.0176	12394
22.024	12417
22.0256	12440
22.032	12463
22.0336	12486
22.04	12509
22.0416	12531
22.048	12553
22.0496	12575
22.056	12597
22.0576	12619
22.064	12641
22.0656	12663
22.072	12685
22.0736	12707
22.08	12729
22.0816	12751
22.0896	1072
22.1056	1340
22.1136	1554
22.1216	1738
22.1295	1903
22.1366	2053
22.1436	2192
22.1506	2323
22.1525	2446
22.1586	2563
22.1605	2675
22.1666	2782
22.1685	2885
22.1746	2984
22.1764	3080
22.1816	3173
22.1835	3263
22.1886	3351
22.1905	3436
22.1924	3519
22.1966	3600
22.1985	3679
22.2004	3757
22.2046	3833
22.2065	3907
22.2079	3980
22.2116	4052
22.215	4122
22.2169	4191
22.223	4259
22.2249	4326
22.231	4392
22.2329	4457
22.239	4521
22.2409	4584
22.247	4646
22.2489	4707
22.255	4768
22.2569	4828
22.263	4887
22.2649	4945
22.271	5003
22.2729	5060
22.279	5116
22.2809	5172
22.287	5227
22.2889	5281
22.295	5335
22.2969	5388
22.303	5441
22.3049	5493
22.311	5545
22.3129	5596
22.319	5647
22.3209	5697
22.327	5747
22.3289	5796
22.335	5845
22.3369	5894
22.343	5942
22.3449	5990
22.351	6037
22.3529	6084
22.359	6131
22.3609	6177
22.367	6223
22.3689	6269
22.375	6314
22.3769	6359
22.383	6404
22.3849	6448
22.391	6492
22.3929	6536
22.399	6579
22.4009	6622
22.407	6665
22.4089	6708
22.415	6750
22.4169	6792
22.423	6834
22.4249	6876
22.431	6917
22.4329	6958
22.439	6999
22.4409	7040
22.447	7080
22.4489	7120
22.455	7160
22.4569	7200
22.463	7239
22.4649	7278
22.471	7317
22.4729	7356
22.479	7395
22.4809	7433
22.487	7471
22.4889	7509
22.495	7547
22.4969	7585
22.503	7622
22.5049	7659
22.511	7696
22.5129	7733
22.519	7770
22.5209	7806
22.527	7842
22.5289	7878
22.535	7914
22.5369	7950
22.543	7986
22.5449	8021
22.551	8056
22.5529	8091
22.559	8126
22.5609	8161
22.567	8196
22.5689	8231
22.575	8265
22.5769	8299
22.583	8333
22.5849	8367
22.591	8401
22.5929	8435
22.599	8469
22.6009	8502
22.607	8535
22.6089	8568
22.615	8601
22.6169	8634
22.623	8667
22.6249	8700
22.631	8733
22.6329	8765
22.639	8797
22.6409	8829
22.647	8861
22.6489	8893
22.655	8925
22.6569	8957
22.663	8989
22.6649	9020
22.671	9051
22.6729	9082
22.679	9113
22.6809	9144
22.687	9175
22.6889	9206
22.695	9237
22.6969	9268
22.703	9298
22.7049	9328
22.711	9358
22.7129	9388
22.719	9418
22.7209	9448
22.727	9478
22.7289	9508
22.735	9538
22.7369	9568
22.743	9598
22.7449	9627
22.751	9656
22.7529	9685
22.759	9714
22.7609	9743
22.767	9772
22.7689	9801
22.775	9830
22.7769	9859
22.783	9888
22.7849	9917
22.791	9945
22.7929	9973
22.799	10001
22.8009	10029
22.807	10057
22.8089	10085
22.815	10113
22.8169	10141
22.823	10169
22.8249	10197
22.831	10225
22.8329	10253
22.839	10281
22.8409	10308
22.847	10335
22.8489	10362
22.855	10389
22.8569	10416
22.863	10443
22.8649	10470
22.871	10497
22.8729	10524
22.879	10551
22.8809	10578
22.887	10605
22.8889	10632
22.895	10659
22.8969	10685
22.903	10711
22.9049	10737
22.911	10763
22.9129	10789
22.919	10815
22.9209	10841
22.927	10867
22.9289	10893
22.935	10919
22.9369	10945
22.943	10971
22.9449	10997
22.951	11023
22.9529	11049
22.959	11075
22.9609	11100
22.967	11125
22.9689	11150
22.975	11175
22.9769	11200
22.983	11225
22.9849	11250
22.991	11275
22.9929	11300
22.999	11325
23.0009	11350
23.007	11375
23.0089	11400
23.015	11425
23.0169	11450
23.023	11475
23.0249	11500
23.031	11524
23.0329	11548
23.039	11572
23.0409	11596
23.047	11620
23.0489	11644
23.055	11668
23.0569	11692
23.063	11716
23.0649	11740
23.071	11764
23.0729	11788
23.079	11812
23.0809	11836
23.087	11860
23.0889	11884
23.095	11908
23.0969	11932
23.103	11956
23.1049	11980
23.111	12003
23.1129	12026
23.119	12049
23.1209	12072
23.127	12095
23.1289	12118
23.135	12141
23.1369	12164
23.143	12187
23.1449	12210
23.151	12233
23.1529	12256
23.159	12279
23.1609	12302
23.167	12325
23.1689	12348
23.175	12371
23.1769	12394
23.183	12417
23.1849	12440
23.191	12463
23.1929	12486
23.199	12509
23.2009	12531
23.207	12553
23.2089	12575
23.215	12597
23.2169	12619
23.223	12641
23.2249	12663
23.231	12685
23.2329	12707
23.239	12729
23.2409	12751
23.247	12773
23.2489	12795
23.255	12817
23.2569	12839
23.263	12861
23.2649	12883
23.271	12905
23.2729	12927
23.279	12949
23.2809	12971
23.287	12993
23.2889	13015
23.295	13037
23.2969	13059
23.303	13080
23.3049	13101
23.311	13122
23.3129	13143
23.319	13164
23.3209	13185
23.327	13206
23.3289	13227
23.335	13248
23.3369	13269
23.343	13290
23.3449	13311
23.351	13332
23.3529	13353
23.359	13374
23.3609	13395
23.367	13416
23.3689	13437
23.375	13458
23.3769	13479
23.383	13500
23.3849	13521
23.391	13542
23.3929	13563
23.399	13584
23.4009	13605
23.407	13626
23.4089	13647
23.415	13668
23.4169	13689
23.423	13709
23.4249	13729
23.431	13749
23.4329	13769
23.439	13789
23.4409	13809
23.447	13829
23.4489	13849
23.455	13869
23.4569	13889
23.463	13909
23.4649	13929
23.471	13949
23.4729	13969
23.479	13989
23.4809	14009
23.487	14029
23.4889	14049
23.495	14069
23.4969	14089
23.503	14109
23.5049	14129
23.511	14149
23.5129	14169
23.519	14189
23.5209	14209
23.527	14229
23.5289	14249
23.535	14269
23.5369	14289
23.543	14309
23.5449	14329
23.551	14349
23.5529	14369
23.559	14388
23.5609	14407
23.567	14426
23.5689	14445
23.575	14464
23.5769	14483
23.583	14502
23.5849	14521
23.591	14540
23.5929	14559
23.599	14578
23.6009	14597
23.607	14616
23.6089	14635
23.615	14654
23.6169	14673
23.623	14692
23.6249	14711
23.631	14730
23.6329	14749
23.639	14768
23.6409	14787
23.647	14806
23.6489	14825
23.655	14844
23.6569	14863
23.663	14882
23.6649	14901
23.671	14920
23.6729	14939
23.679	14958
23.6809	14977
23.687	14996
23.6889	15015
23.695	15034
23.6969	15053
23.703	15072
23.7049	15091
23.711	15110
23.7129	15129
23.719	15147
23.7209	15165
23.727	15183
23.7289	15201
23.735	15219
23.7369	15237
23.743	15255
23.7449	15273
23.751	15291
23.7529	15309
23.759	15327
23.7609	15345
23.767	15363
23.7689	15381
23.775	15399
23.7769	15417
23.784	15435
23.7856	1072
23.8016	1340
23.8096	1554
23.8176	1738
23.8255	1903
23.8326	2053
23.8396	2192
23.8466	2323
23.8485	2446
23.8546	2563
23.8565	2675
23.8626	2782
23.8645	2885
23.8706	2984
23.8724	3080
23.8776	3173
23.8795	3263
23.8846	3351
23.8865	3436
23.8884	3519
23.8926	3600
23.8945	3679
23.8964	3757
23.9006	3833
23.9025	3907
23.9039	3980
23.9076	4052
23.911	4122
23.9129	4191
23.919	4259
23.9209	4326
23.927	4392
23.9289	4457
23.935	4521
23.9369	4584
23.943	4646
23.9449	4707
23.951	4768
23.9529	4828
23.959	4887
23.9609	4945
23.967	5003
23.9689	5060
23.975	5116
23.9769	5172
23.983	5227
23.9849	5281
23.991	5335
23.9929	5388
23.999	5441
24.0009	5493
24.007	5545
24.0089	5596
24.015	5647
24.0169	5697
24.023	5747
24.0249	5796
24.031	5845
24.0329	5894
24.039	5942
24.0409	5990
24.0496	1072
24.0656	1340
24.0736	1554
24.0816	1738
24.0895	1903
24.0966	2053
24.1036	2192
24.1106	2323
24.1125	2446
24.1186	2563
24.1205	2675
24.1266	2782
24.1285	2885
24.1346	2984
24.1364	3080
24.1416	3173
24.1435	3263
24.1486	3351
24.1505	3436
24.1524	3519
24.1566	3600
24.1585	3679
24.1604	3757
24.1646	3833
24.1665	3907
24.1679	3980
24.1716	4052
24.175	4122
24.1769	4191
24.183	4259
24.1849	4326
24.191	4392
24.1936	4457
24.2	1072
24.214	1340
24.222	1554
24.23	1738
24.238	1903
24.245	2053
24.252	2192
24.2591	2323
24.261	2446
24.267	2563
24.2689	2675
24.275	2782
24.2769	2885
24.283	2984
24.2849	3080
24.29	3173
24.2919	3263
24.297	3351
24.2989	3436
24.3008	3519
24.305	3600
24.3069	3679
24.3088	3757
24.313	3833
24.3149	3907
24.3168	3980
24.32	4052
24.3219	4122
24.3238	4191
24.328	4259
24.3296	4326
24.336	4392
24.3376	4457
24.344	4521
24.3456	4584
24.352	4646
24.3536	4707
24.36	4768
24.3616	4828
24.368	4887
24.3696	4945
24.376	5003
24.3776	5060
24.384	5116
24.3856	5172
24.392	5227
24.3936	5281
24.4	5335
24.4016	5388
24.408	5441
24.4096	5493
24.416	5545
24.4176	5596
24.424	5647
24.4256	5697
24.432	5747
24.4336	5796
24.44	5845
24.4416	5894
24.448	5942
24.4496	5990
24.456	6037
24.4576	6084
24.464	6131
24.4656	6177
24.472	6223
24.4736	6269
24.48	6314
24.4816	6359
24.488	6404
24.4896	6448
24.496	6492
24.4976	6536
24.504	6579
24.5056	6622
24.512	6665
24.5136	6708
24.52	6750
24.5216	6792
24.528	6834
24.5296	6876
24.536	6917
24.5376	6958
24.544	6999
24.5456	7040
24.552	7080
24.5536	7120
24.56	7160
24.5616	7200
24.568	7239
24.5696	7278
24.576	7317
24.5776	7356
24.584	7395
24.5856	7433
24.592	7471
24.5936	7509
24.6	7547
24.6016	7585
24.608	7622
24.6096	7659
24.616	7696
24.6176	7733
24.624	7770
24.6256	7806
24.632	7842
24.6336	7878
24.64	7914
24.6416	7950
24.648	7986
24.6496	8021
24.656	8056
24.6576	8091
24.664	8126
24.6656	8161
24.672	8196
24.6736	8231
24.68	8265
24.6816	8299
24.688	8333
24.6896	8367
24.696	8401
24.6976	8435
24.704	8469
24.7056	8502
24.712	8535
24.7136	8568
24.72	8601
24.7216	8634
24.728	8667
24.7296	8700
24.736	8733
24.7376	8765
24.744	8797
24.7456	8829
24.752	8861
24.7536	8893
24.76	8925
24.7616	8957
24.768	8989
24.7696	9020
24.776	9051
24.7776	9082
24.784	9113
24.7856	9144
24.792	9175
24.7936	9206
24.8	9237
24.8016	9268
24.8096	1072
24.8256	1340
24.8336	1554
24.8416	1738
24.8495	1903
24.8566	2053
24.8636	2192
24.8706	2323
24.8725	2446
24.8786	2563
24.8805	2675
24.8866	2782
24.8885	2885
24.8946	2984
24.8964	3080
24.9016	3173
24.9035	3263
24.9086	3351
24.9105	3436
24.9124	3519
24.9166	3600
24.9185	3679
24.9204	3757
24.9246	3833
24.9265	3907
24.9279	3980
24.9316	4052
24.935	4122
24.9369	4191
24.943	4259
24.9449	4326
24.951	4392
24.9529	4457
24.959	4521
24.9609	4584
24.967	4646
24.9689	4707
24.975	4768
24.9769	4828
24.984	4887
24.9856	1072
