1.02357	536
1.07334	1072
1.1317	1608
1.19005	2144
1.24878	2680
1.29808	2144
1.3959	2278
1.42422	2404
1.45426	2523
1.48258	2636
1.51261	2744
1.54093	2848
1.58984	2948
1.63811	3045
1.69016	3139
1.72344	3230
1.75672	3318
1.79	3404
1.82328	3488
1.85656	3570
1.88984	3650
1.92312	3728
1.9564	3805
1.98968	3880
2.02296	3954
2.05624	4026
2.08952	4097
2.1228	4167
2.15608	4235
2.18936	4302
2.22264	4368
2.25592	4433
2.2892	4497
2.32248	4560
2.35576	4623
2.38904	4685
2.42232	4746
2.4556	4806
2.48888	4865
2.52216	4924
2.55544	4982
2.58872	5039
2.622	5096
2.65528	5152
2.68856	5207
2.72184	5262
2.75512	5316
2.7884	5370
2.82168	5423
2.85496	5475
2.9219	2144
3.0041	2278
3.02866	2404
3.06194	2523
3.08792	2636
3.1212	2744
3.15448	2848
3.18776	2948
3.22104	3045
3.25432	3139
3.2876	3230
3.32088	3318
3.35416	3404
3.38744	3488
3.42072	3570
3.454	3650
3.48728	3728
3.52056	3805
3.55384	3880
3.58712	3954
3.6204	4026
3.65368	4097
3.68696	4167
3.72024	4235
3.75352	4302
3.7868	4368
3.82008	4433
3.85336	4497
3.88664	4560
3.91992	4623
3.9532	4685
3.98648	4746
4.01976	4806
4.05304	4865
4.08632	4924
4.1196	4982
4.15288	5039
4.18616	5096
4.21944	5152
4.25272	5207
4.286	5262
4.31928	5316
4.35256	5370
4.38584	5423
4.41912	5475
4.4524	5527
4.48568	5578
4.51896	5629
4.55224	5680
4.58552	5730
4.6188	5780
4.65208	5829
4.68536	5878
4.71864	5926
4.75192	5974
4.7852	6022
4.81848	6069
4.85176	6116
4.88504	6162
4.91832	6208
4.9516	6254
4.98488	6299
5.01816	6344
5.05144	6389
5.11838	2144
5.20058	2278
5.22514	2404
5.25842	2523
5.2844	2636
5.31768	2744
5.35096	2848
5.38424	2948
5.41752	3045
5.4508	3139
5.48408	3230
5.51736	3318
5.55064	3404
5.58392	3488
5.6172	3570
5.65048	3650
5.68376	3728
5.71704	3805
5.75032	3880
5.7836	3954
5.81688	4026
5.85016	4097
5.88344	4167
5.91672	4235
5.95	4302
5.98328	4368
6.01656	4433
6.04984	4497
6.08312	4560
6.1164	4623
6.14968	4685
6.18296	4746
6.21624	4806
6.24952	4865
6.2828	4924
6.31608	4982
6.34936	5039
6.38264	5096
6.41592	5152
6.4492	5207
6.48248	5262
6.51576	5316
6.54904	5370
6.58232	5423
6.6156	5475
6.64888	5527
6.68216	5578
6.71544	5629
6.74872	5680
6.782	5730
6.81528	5780
6.84856	5829
6.88184	5878
6.91512	5926
6.9484	5974
6.98168	6022
7.01496	6069
7.04824	6116
7.08152	6162
7.1148	6208
7.14808	6254
7.18136	6299
7.21464	6344
7.24792	6389
7.2812	6433
7.31448	6477
7.34776	6521
7.38104	6565
7.41432	6608
7.4476	6651
7.48088	6694
7.51416	6736
7.54744	6778
7.58072	6820
7.614	6862
7.64728	6903
7.68056	6944
7.71384	6985
7.74712	7026
7.7804	7066
7.81368	7106
7.84696	7146
7.88024	7186
7.91352	7225
7.9468	7264
7.98008	7303
8.01336	7342
8.04664	7381
8.07992	7419
8.1132	7457
8.14648	7495
8.17976	7533
8.21304	7571
8.24632	7608
8.2796	7645
8.31288	7682
8.34616	7719
8.37944	7756
8.41272	7793
8.446	7829
8.47928	7865
8.51256	7901
8.54584	7937
8.57912	7973
8.6124	8009
8.64568	8044
8.67896	8079
8.7459	2144
8.8281	2278
8.85266	2404
8.88594	2523
8.91192	2636
8.9452	2744
8.97848	2848
9.01176	2948
9.04504	3045
9.07832	3139
9.1116	3230
9.14488	3318
9.17816	3404
9.21144	3488
9.24472	3570
9.278	3650
9.31128	3728
9.34456	3805
9.37784	3880
9.41112	3954
9.4444	4026
9.47768	4097
9.51096	4167
9.54424	4235
9.57752	4302
9.6108	4368
9.64408	4433
9.67736	4497
9.71064	4560
9.74392	4623
9.7772	4685
9.81048	4746
9.84376	4806
9.87704	4865
9.91032	4924
9.9436	4982
9.97688	5039
10.0102	5096
10.0434	5152
10.0767	5207
10.11	5262
10.1433	5316
10.1766	5370
10.2098	5423
10.2768	2144
10.359	2278
10.3835	2404
10.4168	2523
10.4428	2636
10.4761	2744
10.5094	2848
10.5426	2948
10.5759	3045
10.6092	3139
10.6425	3230
10.6758	3318
10.709	3404
10.7423	3488
10.7756	3570
10.8089	3650
10.8422	3728
10.8754	3805
10.9087	3880
10.942	3954
10.9753	4026
11.0086	4097
11.0418	4167
11.0751	4235
11.1084	4302
11.1417	4368
11.175	4433
11.2082	4497
11.2415	4560
11.2748	4623
11.3081	4685
11.3414	4746
11.3746	4806
11.4079	4865
11.4412	4924
11.4745	4982
11.5078	5039
11.541	5096
11.5743	5152
11.6076	5207
11.6409	5262
11.6742	5316
11.7074	5370
11.7407	5423
11.774	5475
11.8073	5527
11.8406	5578
11.8738	5629
11.9071	5680
11.9404	5730
11.9737	5780
12.007	5829
12.0402	5878
12.0735	5926
12.1068	5974
12.1401	6022
12.1734	6069
12.2066	6116
12.2399	6162
12.2732	6208
12.3065	6254
12.3398	6299
12.4067	2144
12.4889	2278
12.5135	2404
12.5467	2523
12.5727	2636
12.606	2744
12.6393	2848
12.6726	2948
12.7058	3045
12.7391	3139
12.7724	3230
12.8057	3318
12.839	3404
12.8722	3488
12.9055	3570
12.9388	3650
12.9721	3728
13.0054	3805
13.0386	3880
13.0719	3954
13.1052	4026
13.1385	4097
13.1718	4167
13.205	4235
13.2383	4302
13.2716	4368
13.3049	4433
13.3382	4497
13.3714	4560
13.4047	4623
13.438	4685
13.4713	4746
13.5046	4806
13.5378	4865
13.5711	4924
13.6044	4982
13.6377	5039
13.671	5096
13.7042	5152
13.7375	5207
13.7708	5262
13.8041	5316
13.8374	5370
13.8706	5423
13.9039	5475
13.9372	5527
13.9705	5578
14.0038	5629
14.037	5680
14.0703	5730
14.1036	5780
14.1369	5829
14.1702	5878
14.2034	5926
14.2367	5974
14.27	6022
14.3033	6069
14.3366	6116
14.3698	6162
14.4031	6208
14.4364	6254
14.4697	6299
14.503	6344
14.5362	6389
14.5695	6433
14.6028	6477
14.6361	6521
14.6694	6565
14.7026	6608
14.7359	6651
14.7692	6694
14.8025	6736
14.8358	6778
14.869	6820
14.9023	6862
14.9356	6903
14.9689	6944
15.0022	6985
15.0354	7026
15.0687	7066
15.102	7106
15.1353	7146
15.1686	7186
15.2018	7225
15.2351	7264
15.2684	7303
15.3017	7342
15.335	7381
15.3682	7419
15.4015	7457
15.4348	7495
15.4681	7533
15.5014	7571
15.5346	7608
15.5679	7645
15.6012	7682
15.6345	7719
15.6678	7756
15.701	7793
15.7343	7829
15.7676	7865
15.8009	7901
15.8342	7937
15.8674	7973
15.9007	8009
15.934	8044
15.9673	8079
16.0006	8114
16.0338	8149
16.0671	8184
16.1004	8219
16.1337	8253
16.167	8287
16.2002	8321
16.2335	8355
16.2668	8389
16.3001	8423
16.3334	8457
16.3666	8490
16.3999	8523
16.4332	8556
16.4665	8589
16.4998	8622
16.533	8655
16.5663	8688
16.5996	8721
16.6329	8753
16.6662	8785
16.6994	8817
16.7327	8849
16.766	8881
16.7993	8913
16.8326	8945
16.8658	8977
16.8991	9009
16.9661	2144
17.0483	2278
17.1065	1742
17.1942	1906
17.2431	2056
17.292	2195
17.341	2325
17.3598	2448
17.3993	2565
17.4182	2677
17.4577	2784
17.4765	2887
17.5349	2986
17.5739	3082
17.6313	3175
17.6646	3265
17.6978	3352
17.7311	3437
17.7644	3520
17.7977	3601
17.831	3680
17.8642	3758
17.8975	3834
17.9308	3908
17.9641	3981
17.9974	4053
18.0306	4123
18.0639	4192
18.0972	4260
18.1305	4327
18.1638	4393
18.197	4458
18.2303	4522
18.2636	4585
18.2969	4647
18.3302	4708
18.3634	4769
18.3967	4829
18.43	4888
18.4633	4946
18.4966	5004
18.5298	5061
18.5631	5117
18.5964	5173
18.6297	5228
18.663	5282
18.6962	5336
18.7295	5389
18.7628	5442
18.7961	5494
18.8294	5546
18.8626	5597
18.8959	5648
18.9292	5698
18.9625	5748
18.9958	5797
19.029	5846
19.0623	5895
19.0956	5943
19.1289	5991
19.1622	6038
19.1954	6085
19.2287	6132
19.262	6178
19.2953	6224
19.3286	6270
19.3618	6315
19.3951	6360
19.4284	6405
19.4617	6449
19.495	6493
19.5282	6537
19.5615	6580
19.5948	6623
19.6281	6666
19.6614	6709
19.6946	6751
19.7279	6793
19.7612	6835
19.7945	6877
19.8278	6918
19.861	6959
19.8943	7000
19.9276	7041
19.9609	7081
19.9942	7121
20.0274	7161
20.0689	7201
20.1046	7240
20.1765	7279
20.248	7318
20.3194	7357
20.3908	7396
20.4622	7434
20.5336	7472
20.6051	7510
20.7204	6968
20.8275	6432
20.9346	5896
21.0418	5360
21.1846	4824
21.328	4288
21.479	3752
21.6055	3216
21.7402	2680
21.8387	2787
21.9371	2890
22.0269	2989
22.1167	3085
22.1978	3178
22.279	3268
22.3601	3355
22.4325	3440
22.505	3523
22.5861	3604
22.6585	3683
22.7397	3761
22.8208	3837
22.9295	3216
23.0468	2680
23.1366	2787
23.2351	2890
23.3248	2989
23.406	3085
23.4871	3178
23.5682	3268
23.6493	3355
23.7131	3440
23.7856	3523
23.8667	3604
23.9391	3683
24.0202	3761
24.1014	3837
24.2187	3216
24.336	2680
24.4172	2787
24.5156	2890
24.6507	2144
24.8126	2278
24.8575	2404
24.9024	2523
24.9386	2636
24.9835	2744
25.0197	2848
25.1008	2948
25.1819	3045
25.2631	3139
25.3355	3230
25.4166	3318
25.4804	3404
25.5528	3488
25.634	3570
25.7064	3650
25.7875	3728
25.8687	3805
25.9411	3880
26.0584	3216
26.1758	2680
26.2656	2787
26.364	2890
26.4538	2989
26.535	3085
26.6161	3178
26.6972	3268
26.7783	3355
26.8421	3440
26.9145	3523
26.9957	3604
27.0681	3683
27.1492	3761
27.2304	3837
27.3477	3216
27.465	2680
27.5462	2787
27.6446	2890
27.7344	2989
27.8155	3085
27.8967	3178
27.9778	3268
28.0589	3355
28.1313	3440
28.1951	3523
28.2762	3604
28.3574	3683
28.4298	3761
28.5109	3837
28.6283	3216
28.7456	2680
28.8267	2787
28.9252	2890
29.015	2989
29.0961	3085
29.1772	3178
29.2584	3268
29.3395	3355
29.4119	3440
29.4844	3523
29.5655	3604
29.6379	3683
29.7191	3761
29.8002	3837
29.9088	3216
30.0262	2680
30.116	2787
30.2752	2890
30.4864	2989
30.9249	2144
31.6676	2278
32.0601	2404
32.5307	2523
32.8534	2636
33.4454	2744
34.1067	2848
34.5605	2948
34.9186	3045
35.7014	3139
36.6237	3230
36.9561	3318
38.0092	2680
38.9664	2144
40.0701	2278
41.4437	1608
42.1314	536
48.9245	1072
50.9027	1340
53.0202	1554
55.2765	1738
57.6888	1903
57.907	2053
60.2667	2192
60.7016	2323
63.2448	2446
65.987	2563
66.8996	2675
69.807	2782
72.5491	2885
74.0089	2984
76.9512	3080
80.0841	3173
82.1682	3263
85.1626	3351
88.7385	3436
91.1438	3519
94.5809	3600
98.6598	3679
