1.00646	536
1.01526	1072
1.02619	1608
1.03713	2144
1.0457	2680
1.05042	3216
1.05664	3752
1.06136	4288
1.06608	4824
1.0708	5360
1.07552	5896
1.08024	6432
1.08496	6968
1.08968	7504
1.0944	8040
1.09912	8576
1.10384	9112
1.10856	9648
1.11803	4288
1.16284	4355
1.16756	4420
1.17228	4484
1.177	4548
1.18172	4611
1.18644	4673
1.19116	4734
1.19588	4794
1.2006	4853
1.20532	4912
1.21004	4970
1.21476	5027
1.21948	5084
1.2242	5140
1.22892	5195
1.23364	5250
1.23836	5304
1.24308	5358
1.2478	5411
1.25252	5464
1.25724	5516
1.26196	5568
1.27143	2144
1.30989	2278
1.31461	2404
1.32082	2523
1.32554	2636
1.33176	2744
1.33648	2848
1.3427	2948
1.34742	3045
1.35214	3139
1.35686	3230
1.36158	3318
1.3663	3404
1.37102	3488
1.37574	3570
1.38046	3650
1.38518	3728
1.3899	3805
1.39462	3880
1.39934	3954
1.40406	4026
1.40878	4097
1.4135	4167
1.41822	4235
1.42294	4302
1.42766	4368
1.43238	4433
1.4371	4497
1.44182	4560
1.44654	4623
1.45126	4685
1.45598	4746
1.4607	4806
1.46542	4865
1.47014	4924
1.47486	4982
1.47958	5039
1.4843	5096
1.48902	5152
1.49374	5207
1.49846	5262
1.50318	5316
1.5079	5370
1.51262	5423
1.51734	5475
1.52206	5527
1.52678	5578
1.5315	5629
1.53622	5680
1.54094	5730
1.54566	5780
1.55038	5829
1.5551	5878
1.55982	5926
1.56454	5974
1.56926	6022
1.57398	6069
1.5787	6116
1.58342	6162
1.58814	6208
1.59286	6254
1.59758	6299
1.6023	6344
1.60702	6389
1.61174	6433
1.61646	6477
1.62118	6521
1.6259	6565
1.63062	6608
1.63534	6651
1.64006	6694
1.64478	6736
1.6495	6778
1.65422	6820
1.65894	6862
1.66366	6903
1.66838	6944
1.6731	6985
1.67782	7026
1.68254	7066
1.68726	7106
1.69198	7146
1.6967	7186
1.70142	7225
1.70614	7264
1.71086	7303
1.71558	7342
1.7203	7381
1.72502	7419
1.72974	7457
1.73446	7495
1.73918	7533
1.7439	7571
1.74862	7608
1.75334	7645
1.75806	7682
1.76278	7719
1.7675	7756
1.77222	7793
1.77694	7829
1.78166	7865
1.78638	7901
1.7911	7937
1.79582	7973
1.80054	8009
1.80526	8044
1.80998	8079
1.8147	8114
1.81942	8149
1.82414	8184
1.82886	8219
1.83358	8253
1.8383	8287
1.84302	8321
1.84774	8355
1.85246	8389
1.85718	8423
1.8619	8457
1.86662	8490
1.87134	8523
1.87606	8556
1.88078	8589
1.8855	8622
1.89022	8655
1.89494	8688
1.89966	8721
1.90438	8753
1.9091	8785
1.92096	3752
1.96577	1340
1.99086	1554
2.0018	1738
2.01274	1903
2.02131	2053
2.02989	2192
2.03846	2323
2.04318	2446
2.0494	2563
2.05412	2675
2.06034	2782
2.06506	2885
2.07127	2984
2.07599	3080
2.08071	3173
2.08543	3263
2.09015	3351
2.09487	3436
2.09959	3519
2.10431	3600
2.10903	3679
2.11375	3757
2.11847	3833
2.12319	3907
2.12791	3980
2.13263	4052
2.13735	4122
2.14207	4191
2.14679	4259
2.15151	4326
2.15623	4392
2.16095	4457
2.16567	4521
2.17039	4584
2.17511	4646
2.17983	4707
2.18455	4768
2.18927	4828
2.19399	4887
2.19871	4945
2.20343	5003
2.20815	5060
2.21287	5116
2.21759	5172
2.22231	5227
2.22703	5281
2.23175	5335
2.23647	5388
2.24119	5441
2.24591	5493
2.25063	5545
2.25535	5596
2.26007	5647
2.26479	5697
2.26951	5747
2.27423	5796
2.27895	5845
2.28367	5894
2.28839	5942
2.29311	5990
2.29783	6037
2.30255	6084
2.30727	6131
2.31199	6177
2.31671	6223
2.32143	6269
2.32615	6314
2.33087	6359
2.33559	6404
2.34031	6448
2.34503	6492
2.34975	6536
2.35447	6579
2.35919	6622
2.36391	6665
2.36863	6708
2.37335	6750
2.37807	6792
2.38279	6834
2.38751	6876
2.39223	6917
2.39695	6958
2.40167	6999
2.40639	7040
2.41111	7080
2.41583	7120
2.42055	7160
2.42527	7200
2.42999	7239
2.43471	7278
2.43943	7317
2.44415	7356
2.44887	7395
2.45359	7433
2.45831	7471
2.46303	7509
2.46775	7547
2.47247	7585
2.47719	7622
2.48191	7659
2.48663	7696
2.49135	7733
2.49607	7770
2.50079	7806
2.50551	7842
2.51023	7878
2.51495	7914
2.51967	7950
2.52439	7986
2.52911	8021
2.53383	8056
2.53855	8091
2.54327	8126
2.54799	8161
2.55271	8196
2.55743	8231
2.56215	8265
2.56687	8299
2.57159	8333
2.57631	8367
2.58103	8401
2.58575	8435
2.59047	8469
2.59519	8502
2.59991	8535
2.60463	8568
2.60935	8601
2.61407	8634
2.61879	8667
2.62351	8700
2.62823	8733
2.63295	8765
2.63767	8797
2.64239	8829
2.64711	8861
2.65183	8893
2.65655	8925
2.66127	8957
2.66599	8989
2.67071	9020
2.67543	9051
2.68015	9082
2.68487	9113
2.68959	9144
2.69431	9175
2.69903	9206
2.70375	9237
2.70847	9268
2.71319	9298
2.71791	9328
2.72263	9358
2.72735	9388
2.73207	9418
2.73679	9448
2.74151	9478
2.74623	9508
2.75095	9538
2.75567	9568
2.76039	9598
2.76511	9627
2.76983	9656
2.77455	9685
2.77927	9714
2.78399	9743
2.78871	9772
2.79343	9801
2.79815	9830
2.80287	9859
2.80759	9888
2.81231	9917
2.81703	9945
2.82175	9973
2.82647	10001
2.83119	10029
2.83591	10057
2.84063	10085
2.84535	10113
2.85007	10141
2.85479	10169
2.85951	10197
2.86423	10225
2.86895	10253
2.87367	10281
2.87839	10308
2.88311	10335
2.88783	10362
2.89255	10389
2.89727	10416
2.90199	10443
2.90671	10470
2.91143	10497
2.91615	10524
2.92087	10551
2.92559	10578
2.93031	10605
2.93503	10632
2.93975	10659
2.94447	10685
2.94919	10711
2.95391	10737
2.95863	10763
2.96335	10789
2.96807	10815
2.97279	10841
2.97751	10867
2.98223	10893
2.98695	10919
2.99167	10945
2.99639	10971
3.00111	10997
3.00583	11023
3.01055	11049
3.01527	11075
3.01999	11100
3.02471	11125
3.02943	11150
3.03415	11175
3.03887	11200
3.04359	11225
3.04831	11250
3.05303	11275
3.05775	11300
3.06247	11325
3.06719	11350
3.07191	11375
3.07663	11400
3.08135	11425
3.08607	11450
3.09079	11475
3.09551	11500
3.10023	11524
3.10495	11548
3.10967	11572
3.11439	11596
3.11911	11620
3.12383	11644
3.12855	11668
3.13327	11692
3.13799	11716
3.14271	11740
3.14743	11764
3.15215	11788
3.15687	11812
3.16159	11836
3.16631	11860
3.17103	11884
3.17575	11908
3.18047	11932
3.18519	11956
3.18991	11980
3.19463	12003
3.19935	12026
3.20407	12049
3.20879	12072
3.21351	12095
3.21823	12118
3.22295	12141
3.22767	12164
3.23239	12187
3.23711	12210
3.24183	12233
3.24655	12256
3.25127	12279
3.25599	12302
3.26071	12325
3.26543	12348
3.27015	12371
3.27487	12394
3.27959	12417
3.28431	12440
3.28903	12463
3.29375	12486
3.29847	12509
3.30319	12531
3.30791	12553
3.31263	12575
3.31735	12597
3.32207	12619
3.32679	12641
3.33151	12663
3.33623	12685
3.34095	12707
3.34567	12729
3.35039	12751
3.35511	12773
3.35983	12795
3.36455	12817
3.36927	12839
3.37399	12861
3.37871	12883
3.38343	12905
3.38815	12927
3.39287	12949
3.39759	12971
3.40231	12993
3.40703	13015
3.41175	13037
3.41647	13059
3.42119	13080
3.42591	13101
3.43063	13122
3.43535	13143
3.44007	13164
3.44479	13185
3.44951	13206
3.45423	13227
3.45895	13248
3.46367	13269
3.46839	13290
3.47311	13311
3.47783	13332
3.48255	13353
3.48727	13374
3.49199	13395
3.49671	13416
3.50143	13437
3.50615	13458
3.51087	13479
3.51559	13500
3.52031	13521
3.52503	13542
3.52975	13563
3.53447	13584
3.53919	13605
3.54391	13626
3.54863	13647
3.55335	13668
3.55807	13689
3.56279	13709
3.56751	13729
3.57223	13749
3.57695	13769
3.58167	13789
3.58639	13809
3.59111	13829
3.59583	13849
3.60055	13869
3.60527	13889
3.60999	13909
3.61471	13929
3.61943	13949
3.62415	13969
3.62887	13989
3.63359	14009
3.63831	14029
3.64303	14049
3.64775	14069
3.65247	14089
3.65719	14109
3.66191	14129
3.66663	14149
3.67135	14169
3.67607	14189
3.68079	14209
3.68551	14229
3.69023	14249
3.69495	14269
3.69967	14289
3.70439	14309
3.70911	14329
3.71383	14349
3.71855	14369
3.72327	14388
3.72799	14407
3.73271	14426
3.73743	14445
3.74215	14464
3.74687	14483
3.75159	14502
3.75631	14521
3.76103	14540
3.76575	14559
3.77047	14578
3.77519	14597
3.77991	14616
3.78463	14635
3.78935	14654
3.79407	14673
3.79879	14692
3.80351	14711
3.81062	14730
3.81534	6700
3.88139	6742
3.88611	6784
3.89083	6826
3.89555	6868
3.90027	6909
3.90499	6950
3.90971	6991
3.91443	7032
3.91915	7072
3.92387	7112
3.92859	7152
3.93331	7192
3.93803	7231
3.94275	7270
3.94747	7309
3.95219	7348
3.95691	7387
3.96163	7425
3.96635	7463
3.97107	7501
3.97579	7539
3.98051	7577
3.98523	7614
3.98995	7651
3.99467	7688
3.99939	7725
4.00411	7762
4.00883	7799
4.01355	7835
4.01827	7871
4.02299	7907
4.02771	7943
4.03243	7979
4.03715	8015
4.04187	8050
4.04659	8085
4.05131	8120
4.05603	8155
4.06075	8190
4.06547	8225
4.07019	8259
4.07491	8293
4.07963	8327
4.08435	8361
4.08907	8395
4.09379	8429
4.09851	8463
4.10323	8496
4.10795	8529
4.11267	8562
4.11739	8595
4.12211	8628
4.12683	8661
4.13155	8694
4.13627	8727
4.14099	8759
4.14571	8791
4.15043	8823
4.15515	8855
4.15987	8887
4.16459	8919
4.16931	8951
4.17403	8983
4.18114	9014
4.18586	3752
4.22595	3828
4.23067	3903
4.23539	3976
4.24011	4048
4.24483	4118
4.24955	4187
4.25427	4255
4.25899	4322
4.26371	4388
4.26843	4453
4.27315	4517
4.27787	4580
4.28259	4642
4.28731	4703
4.29203	4764
4.29675	4824
4.30147	4883
4.30619	4941
4.31091	4999
4.31563	5056
4.32035	5112
4.32507	5168
4.32979	5223
4.33451	5278
4.33923	5332
4.34395	5385
4.34867	5438
4.35339	5490
4.35811	5542
4.36283	5593
4.36755	5644
4.37227	5694
4.37699	5744
4.38171	5794
4.38643	5843
4.39115	5892
4.39587	5940
4.40059	5988
4.40531	6035
4.41003	6082
4.41475	6129
4.41947	6175
4.42419	6221
4.42891	6267
4.43363	6312
4.43835	6357
4.44307	6402
4.44779	6446
4.45251	6490
4.45723	6534
4.46195	6577
4.46667	6620
4.47139	6663
4.47611	6706
4.48083	6748
4.48555	6790
4.49027	6832
4.49499	6874
4.49971	6915
4.50443	6956
4.50915	6997
4.51387	7038
4.51859	7078
4.52331	7118
4.52803	7158
4.53275	7198
4.53747	7237
4.54219	7276
4.54691	7315
4.55163	7354
4.55635	7393
4.56107	7431
4.56579	7469
4.57051	7507
4.57523	7545
4.57995	7583
4.58467	7620
4.58939	7657
4.59411	7694
4.59883	7731
4.60355	7768
4.60827	7804
4.61299	7840
4.61771	7876
4.62243	7912
4.62715	7948
4.63187	7984
4.63659	8019
4.64131	8054
4.64603	8089
4.65075	8124
4.65547	8159
4.66019	8194
4.66491	8229
4.66963	8263
4.67435	8297
4.67907	8331
4.68379	8365
4.68851	8399
4.69323	8433
4.70034	8467
4.70506	3484
4.74515	3566
4.74987	3646
4.75695	3724
4.76167	3801
4.76639	3876
4.77111	3950
4.77583	4022
4.78055	4093
4.78527	4163
4.78999	4232
4.79471	4299
4.79943	4365
4.80415	4430
4.80887	4494
4.81359	4557
4.81831	4620
4.82303	4682
4.82775	4743
4.83247	4803
4.83719	4862
4.84191	4921
4.84663	4979
4.85135	5036
4.85607	5093
4.86079	5149
4.86551	5204
4.87023	5259
4.87495	5313
4.87967	5367
4.88439	5420
4.88911	5473
4.89383	5525
4.89855	5576
4.90327	5627
4.90799	5678
4.91271	5728
4.91743	5778
4.92215	5827
4.92687	5876
4.93159	5924
4.93631	5972
4.94103	6020
4.94575	6067
4.95047	6114
4.95519	6160
4.95991	6206
4.96463	6252
4.96935	6297
4.97407	6342
4.97879	6387
4.98351	6431
4.98823	6475
4.99295	6519
4.99767	6563
5.00239	6606
5.00711	6649
5.01183	6692
5.01655	6734
5.02127	6776
5.02599	6818
5.03071	6860
5.03543	6901
5.04015	6942
5.04487	6983
5.04959	7024
5.05431	7064
5.05903	7104
5.06375	7144
5.06847	7184
5.07319	7223
5.07791	7262
5.08263	7301
5.08735	7340
5.09207	7379
5.09679	7417
5.10151	7455
5.10623	7493
5.11095	7531
5.11567	7569
5.12039	7606
5.12511	7643
5.12983	7680
5.13455	7717
5.13927	7754
5.14399	7791
5.15346	3216
5.18883	3305
5.19355	3391
5.19827	3475
5.20299	3557
5.20771	3637
5.21243	3715
5.21715	3792
5.22187	3867
5.22659	3941
5.23131	4013
5.23603	4084
5.24075	4154
5.24547	4223
5.25019	4291
5.25491	4357
5.25963	4422
5.26435	4486
5.26907	4550
5.27379	4613
5.27851	4675
5.28323	4736
5.28795	4796
5.29267	4855
5.29739	4914
5.30211	4972
5.30683	5029
5.31155	5086
5.31627	5142
5.32099	5197
5.32571	5252
5.33043	5306
5.33515	5360
5.33987	5413
5.34459	5466
5.34931	5518
5.35403	5570
5.35875	5621
5.36347	5672
5.36819	5722
5.37291	5772
5.37763	5821
5.38235	5870
5.38707	5918
5.39179	5966
5.39651	6014
5.40123	6061
5.40595	6108
5.41067	6155
5.41539	6201
5.42011	6247
5.42483	6292
5.42955	6337
5.43427	6382
5.43899	6427
5.44371	6471
5.44843	6515
5.45315	6559
5.45787	6602
5.46259	6645
5.46731	6688
5.47203	6730
5.47675	6772
5.48147	6814
5.48619	6856
5.49091	6897
5.49563	6938
5.50035	6979
5.50507	7020
5.50979	7060
5.51451	7100
5.51923	7140
5.52395	7180
5.52867	7220
5.53339	7259
5.53811	7298
5.54283	7337
5.54755	7376
5.55227	7414
5.55699	7452
5.56171	7490
5.56643	7528
5.57115	7566
5.57587	7603
5.58059	7640
5.58531	7677
5.59003	7714
5.59475	7751
5.59947	7788
5.60419	7824
5.60891	7860
5.61363	7896
5.61835	7932
5.62307	7968
5.62779	8004
5.63251	8039
5.63723	8074
5.64195	8109
5.64667	8144
5.65139	8179
5.65611	8214
5.66083	8248
5.66555	8282
5.67027	8316
5.67499	8350
5.67971	8384
5.68443	8418
5.68915	8452
5.69387	8485
5.69859	8518
5.70331	8551
5.70803	8584
5.71275	8617
5.71747	8650
5.72219	8683
5.72691	8716
5.73163	8748
5.73635	8780
5.74107	8812
5.74579	8844
5.75051	8876
5.75523	8908
5.75995	8940
5.76467	8972
5.76939	9004
5.77411	9035
5.77883	9066
5.78355	9097
5.78827	9128
5.79299	9159
5.79771	9190
5.80243	9221
5.80715	9252
5.81187	9283
5.81659	9313
5.82131	9343
5.82603	9373
5.83075	9403
5.83547	9433
5.84019	9463
5.84491	9493
5.84963	9523
5.85435	9553
5.85907	9583
5.86379	9612
5.86851	9641
5.87323	9670
5.87795	9699
5.88267	9728
5.89214	4288
5.93695	4355
5.94167	4420
5.94639	4484
5.95111	4548
5.95583	4611
5.96055	4673
5.96527	4734
5.96999	4794
5.97471	4853
5.97943	4912
5.98415	4970
5.98887	5027
5.99359	5084
5.99831	5140
6.00303	5195
6.00775	5250
6.01247	5304
6.01719	5358
6.02191	5411
6.02663	5464
6.03135	5516
6.03607	5568
6.04079	5619
6.04551	5670
6.05023	5720
6.05495	5770
6.05967	5819
6.06439	5868
6.06911	5916
6.07383	5964
6.07855	6012
6.08327	6059
6.08799	6106
6.09271	6153
6.09743	6199
6.10215	6245
6.10687	6291
6.11159	6336
6.11631	6381
6.12103	6426
6.12575	6470
6.13047	6514
6.13519	6558
6.13991	6601
6.14463	6644
6.14935	6687
6.15407	6729
6.15879	6771
6.16351	6813
6.16823	6855
6.17295	6896
6.17767	6937
6.18239	6978
6.18711	7019
6.19183	7059
6.19655	7099
6.20127	7139
6.20599	7179
6.21071	7219
6.21543	7258
6.22015	7297
6.22487	7336
6.22959	7375
6.23431	7413
6.23903	7451
6.24375	7489
6.24847	7527
6.25319	7565
6.25791	7602
6.26263	7639
6.26735	7676
6.27207	7713
6.27679	7750
6.28151	7787
6.28623	7823
6.29095	7859
6.29567	7895
6.30039	7931
6.30511	7967
6.30983	8003
6.31455	8038
6.31927	8073
6.32399	8108
6.32871	8143
6.33343	8178
6.33815	8213
6.34287	8247
6.34759	8281
6.35231	8315
6.35703	8349
6.36175	8383
6.36647	8417
6.37119	8451
6.37591	8484
6.38063	8517
6.38535	8550
6.39007	8583
6.39479	8616
6.39951	8649
6.40423	8682
6.40895	8715
6.41367	8747
6.41839	8779
6.42311	8811
6.42783	8843
6.43255	8875
6.43727	8907
6.44199	8939
6.44671	8971
6.45143	9003
6.45615	9034
6.46087	9065
6.46559	9096
6.47031	9127
6.47503	9158
6.47975	9189
6.48447	9220
6.48919	9251
6.49391	9282
6.49863	9312
6.50335	9342
6.50807	9372
6.51279	9402
6.51751	9432
6.52223	9462
6.52695	9492
6.53167	9522
6.53639	9552
6.54111	9582
6.54583	9611
6.55055	9640
6.55527	9669
6.55999	9698
6.56471	9727
6.56943	9756
6.57415	9785
6.57887	9814
6.58359	9843
6.58831	9872
6.59303	9901
6.59775	9930
6.60247	9958
6.60719	9986
6.61191	10014
6.61663	10042
6.62135	10070
6.62607	10098
6.63079	10126
6.63551	10154
6.64023	10182
6.64495	10210
6.64967	10238
6.65439	10266
6.65911	10293
6.66383	10320
6.66855	10347
6.67327	10374
6.67799	10401
6.68271	10428
6.68743	10455
6.69215	10482
6.69687	10509
6.70159	10536
6.70631	10563
6.71103	10590
6.71575	10617
6.72047	10644
6.72519	10670
6.72991	10696
6.73463	10722
6.73935	10748
6.74407	10774
6.74879	10800
6.75351	10826
6.75823	10852
6.76295	10878
6.76767	10904
6.77239	10930
6.77711	10956
6.78183	10982
6.78655	11008
6.79127	11034
6.79599	11060
6.80071	11085
6.80543	11110
6.81015	11135
6.81487	11160
6.81959	11185
6.82431	11210
6.82903	11235
6.83375	11260
6.83847	11285
6.84319	11310
6.84791	11335
6.85263	11360
6.85735	11385
6.86207	11410
6.86679	11435
6.87626	5092
6.92815	5148
6.93287	5203
6.93759	5258
6.94231	5312
6.94703	5366
6.95175	5419
6.95647	5472
6.96119	5524
6.96591	5576
6.97063	5627
6.97535	5678
6.98007	5728
6.98479	5778
6.98951	5827
6.99423	5876
6.99895	5924
7.00367	5972
7.00839	6020
7.01311	6067
7.01783	6114
7.02255	6160
7.02727	6206
7.03199	6252
7.03671	6297
7.04143	6342
7.04615	6387
7.05087	6431
7.05559	6475
7.06031	6519
7.06503	6563
7.06975	6606
7.07447	6649
7.07919	6692
7.08391	6734
7.08863	6776
7.09335	6818
7.10046	6860
7.10518	2680
7.13583	2787
7.14055	2890
7.14527	2989
7.14999	3085
7.15471	3178
7.15943	3268
7.16415	3355
7.16887	3440
7.17359	3523
7.18306	1072
7.20344	1340
7.21438	1554
7.22531	1738
7.23625	1903
7.24482	2053
7.2534	2192
7.26198	2323
7.2667	2446
7.27291	2563
7.27763	2675
7.28385	2782
7.28857	2885
7.29478	2984
7.2995	3080
7.30422	3173
7.31134	3263
7.31606	1072
7.33796	1340
7.3489	1554
7.35983	1738
7.37077	1903
7.37934	2053
7.38792	2192
7.3965	2323
7.40122	2446
7.40743	2563
7.41215	2675
7.41837	2782
7.42309	2885
7.4293	2984
7.43402	3080
7.43874	3173
7.44346	3263
7.44818	3351
7.4529	3436
7.45762	3519
7.46234	3600
7.46706	3679
7.47178	3757
7.4765	3833
7.48122	3907
7.48594	3980
7.49066	4052
7.49538	4122
7.5001	4191
7.50482	4259
7.50954	4326
7.51426	4392
7.51898	4457
7.5237	4521
7.52842	4584
7.53314	4646
7.53786	4707
7.54258	4768
7.5473	4828
7.55202	4887
7.55674	4945
7.56146	5003
7.56618	5060
7.5709	5116
7.57562	5172
7.58034	5227
7.58506	5281
7.58978	5335
7.5945	5388
7.59922	5441
7.60394	5493
7.60866	5545
7.61338	5596
7.6181	5647
7.62282	5697
7.62754	5747
7.63226	5796
7.63698	5845
7.6417	5894
7.64642	5942
7.65114	5990
7.65586	6037
7.66058	6084
7.6653	6131
7.67002	6177
7.67474	6223
7.67946	6269
7.68418	6314
7.6889	6359
7.69362	6404
7.69834	6448
7.70306	6492
7.70778	6536
7.7125	6579
7.71722	6622
7.72194	6665
7.72666	6708
7.73138	6750
7.7361	6792
7.74082	6834
7.74554	6876
7.75026	6917
7.75498	6958
7.7597	6999
7.76442	7040
7.76914	7080
7.77386	7120
7.77858	7160
7.7833	7200
7.78802	7239
7.79274	7278
7.79746	7317
7.80218	7356
7.8069	7395
7.81162	7433
7.81634	7471
7.82106	7509
7.82578	7547
7.8305	7585
7.83522	7622
7.83994	7659
7.84466	7696
7.84938	7733
7.8541	7770
7.85882	7806
7.86354	7842
7.86826	7878
7.87298	7914
7.8777	7950
7.88242	7986
7.88714	8021
7.89186	8056
7.89658	8091
7.9013	8126
7.90602	8161
7.91074	8196
7.91546	8231
7.92018	8265
7.9249	8299
7.92962	8333
7.93434	8367
7.93906	8401
7.94378	8435
7.9485	8469
7.95322	8502
7.95794	8535
7.96266	8568
7.96738	8601
7.9721	8634
7.97682	8667
7.98154	8700
7.98626	8733
7.99098	8765
7.9957	8797
8.00042	8829
8.00514	8861
8.00986	8893
8.01458	8925
8.0193	8957
8.02402	8989
8.02874	9020
8.03346	9051
8.03818	9082
8.0429	9113
8.04762	9144
8.05234	9175
8.05706	9206
8.06178	9237
8.0665	9268
8.07122	9298
8.07594	9328
8.08542	4020
8.12786	4091
8.13258	4161
8.1397	4230
8.14442	1340
8.16715	1554
8.17809	1738
8.18902	1903
8.1976	2053
8.20618	2192
8.21475	2323
8.21947	2446
8.22569	2563
8.23041	2675
8.23662	2782
8.24134	2885
8.24995	2984
8.25859	1072
8.2805	1340
8.29143	1554
8.30237	1738
8.3133	1903
8.32188	2053
8.33046	2192
8.33903	2323
8.34375	2446
8.34997	2563
8.35469	2675
8.3609	2782
8.36562	2885
8.37184	2984
8.37656	3080
8.38128	3173
8.386	3263
8.39072	3351
8.39544	3436
8.40016	3519
8.40488	3600
8.4096	3679
8.41432	3757
8.41904	3833
8.42376	3907
8.42848	3980
8.4332	4052
8.43792	4122
8.44264	4191
8.44736	4259
8.45208	4326
8.4568	4392
8.46152	4457
8.46624	4521
8.47096	4584
8.47568	4646
8.4804	4707
8.48512	4768
8.48984	4828
8.49456	4887
8.49928	4945
8.504	5003
8.50872	5060
8.51344	5116
8.51816	5172
8.52288	5227
8.5276	5281
8.53232	5335
8.53704	5388
8.54176	5441
8.54648	5493
8.5512	5545
8.55592	5596
8.56064	5647
8.56536	5697
8.57008	5747
8.5748	5796
8.57952	5845
8.58424	5894
8.58896	5942
8.59368	5990
8.5984	6037
8.60312	6084
8.60784	6131
8.61256	6177
8.61728	6223
8.622	6269
8.62672	6314
8.63144	6359
8.63616	6404
8.64088	6448
8.6456	6492
8.65032	6536
8.65504	6579
8.65976	6622
8.66448	6665
8.6692	6708
8.67392	6750
8.67864	6792
8.68336	6834
8.68808	6876
8.6928	6917
8.69752	6958
8.70463	6999
8.70935	2948
8.74472	3045
8.74944	3139
8.75416	3230
8.75888	3318
8.7636	3404
8.76832	3488
8.77304	3570
8.77776	3650
8.78248	3728
8.7872	3805
8.79192	3880
8.79664	3954
8.80136	4026
8.81083	1340
8.83357	1554
8.8445	1738
8.85544	1903
8.86402	2053
8.87259	2192
8.88117	2323
8.88589	2446
8.8921	2563
8.89682	2675
8.90304	2782
8.90776	2885
8.91398	2984
8.9187	3080
8.92342	3173
8.92814	3263
8.93286	3351
8.93758	3436
8.9423	3519
8.94702	3600
8.95174	3679
8.95646	3757
8.96118	3833
8.9659	3907
8.97062	3980
8.97534	4052
8.98006	4122
8.98478	4191
8.9895	4259
8.99422	4326
8.99894	4392
9.00366	4457
9.00838	4521
9.0131	4584
9.01782	4646
9.02254	4707
9.02726	4768
9.03198	4828
9.0367	4887
9.04142	4945
9.04614	5003
9.05086	5060
9.05558	5116
9.0603	5172
9.06502	5227
9.06974	5281
9.07446	5335
9.07918	5388
9.0839	5441
9.08862	5493
9.09334	5545
9.09806	5596
9.10278	5647
9.1075	5697
9.11222	5747
9.11694	5796
9.12166	5845
9.12638	5894
9.1311	5942
9.13582	5990
9.14054	6037
9.14526	6084
9.14998	6131
9.1547	6177
9.15942	6223
9.16414	6269
9.16886	6314
9.17358	6359
9.1783	6404
9.18302	6448
9.18774	6492
9.19246	6536
9.19718	6579
9.2019	6622
9.20662	6665
9.21134	6708
9.21606	6750
9.22078	6792
9.2255	6834
9.23022	6876
9.23494	6917
9.23966	6958
9.24438	6999
9.2491	7040
9.25382	7080
9.25854	7120
9.26326	7160
9.26798	7200
9.2727	7239
9.27742	7278
9.28214	7317
9.28686	7356
9.29158	7395
9.2963	7433
9.30102	7471
9.30574	7509
9.31046	7547
9.31518	7585
9.3199	7622
9.32462	7659
9.32934	7696
9.33406	7733
9.33878	7770
9.3435	7806
9.34822	7842
9.35294	7878
9.35766	7914
9.36238	7950
9.3671	7986
9.37182	8021
9.37654	8056
9.38126	8091
9.38598	8126
9.3907	8161
9.39542	8196
9.40014	8231
9.40486	8265
9.40958	8299
9.4143	8333
9.41902	8367
9.42613	8401
9.43085	3484
9.46858	3566
9.4733	3646
9.47802	3724
9.48274	3801
9.48746	3876
9.49218	3950
9.4969	4022
9.50162	4093
9.50634	4163
9.51106	4232
9.51578	4299
9.5205	4365
9.52522	4430
9.52994	4494
9.53466	4557
9.53938	4620
9.5441	4682
9.54882	4743
9.55354	4803
9.55826	4862
9.56298	4921
9.5677	4979
9.57242	5036
9.57714	5093
9.58186	5149
9.58658	5204
9.5913	5259
9.59602	5313
9.60074	5367
9.60546	5420
9.61018	5473
9.6149	5525
9.61962	5576
9.62434	5627
9.62906	5678
9.63378	5728
9.6385	5778
9.64322	5827
9.64794	5876
9.65266	5924
9.65738	5972
9.6621	6020
9.66682	6067
9.67393	6114
9.67865	2412
9.70694	2531
9.71166	2644
9.71787	2752
9.72259	2856
9.72881	2956
9.73353	3053
9.73825	3147
9.74297	3238
9.74769	3326
9.75241	3412
9.75713	3496
9.76185	3578
9.76657	3658
9.77129	3736
9.77601	3812
9.78073	3887
9.78545	3960
9.79017	4032
9.79489	4103
9.79961	4173
9.80433	4241
9.80905	4308
9.81377	4374
9.81849	4439
9.82321	4503
9.82793	4566
9.83265	4628
9.83737	4690
9.84209	4751
9.84681	4811
9.85153	4870
9.85625	4928
9.86097	4986
9.86569	5043
9.87041	5099
9.87513	5155
9.87985	5210
9.88457	5265
9.88929	5319
9.89401	5373
9.89873	5426
9.90345	5478
9.90817	5530
9.91289	5581
9.91761	5632
9.92233	5683
9.92705	5733
9.93177	5783
9.93649	5832
9.94121	5881
9.94593	5929
9.95065	5977
9.95537	6025
9.96009	6072
9.96481	6119
9.96953	6165
9.97425	6211
9.97897	6257
9.98369	6302
9.98841	6347
9.99313	6392
9.99785	6436
10.0026	6480
10.0073	6524
10.012	6568
10.0167	6611
10.0214	6654
10.0262	6697
10.0309	6739
10.0356	6781
10.0403	6823
10.045	6865
10.0498	6906
10.0545	6947
10.0592	6988
10.0639	7029
10.0686	7069
10.0734	7109
10.0781	7149
10.0828	7189
10.0875	7228
10.0922	7267
10.097	7306
10.1017	7345
10.1064	7384
10.1111	7422
10.1158	7460
10.1206	7498
10.1253	7536
10.13	7574
10.1347	7611
10.1394	7648
10.1442	7685
10.1489	7722
10.1536	7759
10.1583	7796
10.163	7832
10.1678	7868
10.1725	7904
10.1772	7940
10.1819	7976
10.1914	3216
10.2268	3305
10.2315	3391
10.2362	3475
10.2409	3557
10.2456	3637
10.2504	3715
10.2551	3792
10.2598	3867
10.2645	3941
10.2692	4013
10.274	4084
10.2787	4154
10.2834	4223
10.2881	4291
10.2928	4357
10.2976	4422
10.3023	4486
10.307	4550
10.3117	4613
10.3164	4675
10.3212	4736
10.3259	4796
10.3306	4855
10.3353	4914
10.34	4972
10.3448	5029
10.3495	5086
10.3542	5142
10.3589	5197
10.3636	5252
10.3684	5306
10.3731	5360
10.3778	5413
10.3825	5466
10.3872	5518
10.392	5570
10.3967	5621
10.4014	5672
10.4061	5722
10.4108	5772
10.4156	5821
10.4203	5870
10.4274	5918
10.4321	2412
10.4604	2531
10.4651	2644
10.4713	2752
10.4761	2856
10.4823	2956
10.487	3053
10.4917	3147
10.4964	3238
10.5012	3326
10.5059	3412
10.5106	3496
10.5153	3578
10.52	3658
10.5248	3736
10.5295	3812
10.5342	3887
10.5389	3960
10.5436	4032
10.5484	4103
10.5531	4173
10.5578	4241
10.5625	4308
10.5672	4374
10.572	4439
10.5767	4503
10.5814	4566
10.5861	4628
10.5908	4690
10.5956	4751
10.6003	4811
10.605	4870
10.6097	4928
10.6144	4986
10.6192	5043
10.6239	5099
10.6286	5155
10.6333	5210
10.638	5265
10.6428	5319
10.6475	5373
10.6522	5426
10.6569	5478
10.6616	5530
10.6664	5581
10.6711	5632
10.6758	5683
10.6805	5733
10.6852	5783
10.69	5832
10.6947	5881
10.6994	5929
10.7041	5977
10.7088	6025
10.7136	6072
10.7183	6119
10.723	6165
10.7277	6211
10.7324	6257
10.7372	6302
10.7419	6347
10.7466	6392
10.7513	6436
10.756	6480
10.7608	6524
10.7655	6568
10.7702	6611
10.7749	6654
10.7796	6697
10.7844	6739
10.7891	6781
10.7938	6823
10.7985	6865
10.8032	6906
10.808	6947
10.8127	6988
10.8174	7029
10.8221	7069
10.8268	7109
10.8316	7149
10.8363	7189
10.841	7228
10.8505	2948
10.8835	3045
10.8882	3139
10.8929	3230
10.8976	3318
10.9024	3404
10.9071	3488
10.9118	3570
10.9213	1072
10.976	1340
10.987	1554
10.9979	1738
11.0088	1903
11.0174	2053
11.026	2192
11.0346	2323
11.0393	2446
11.0455	2563
11.0502	2675
11.0564	2782
11.0611	2885
11.0674	2984
11.0721	3080
11.0768	3173
11.0815	3263
11.0862	3351
11.091	3436
11.0957	3519
11.1004	3600
11.1051	3679
11.1098	3757
11.1146	3833
11.1193	3907
11.124	3980
11.1287	4052
11.1334	4122
11.1382	4191
11.1429	4259
11.1476	4326
11.1523	4392
11.157	4457
11.1618	4521
11.1665	4584
11.1712	4646
11.1759	4707
11.1806	4768
11.1854	4828
11.1901	4887
11.1948	4945
11.1995	5003
11.2042	5060
11.209	5116
11.2137	5172
11.2184	5227
11.2231	5281
11.2278	5335
11.2326	5388
11.2373	5441
11.242	5493
11.2467	5545
11.2514	5596
11.2562	5647
11.2609	5697
11.2656	5747
11.2703	5796
11.275	5845
11.2798	5894
11.2845	5942
11.2892	5990
11.2939	6037
11.2986	6084
11.3034	6131
11.3081	6177
11.3128	6223
11.3175	6269
11.3222	6314
11.327	6359
11.3317	6404
11.3364	6448
11.3411	6492
11.3458	6536
11.3506	6579
11.3553	6622
11.36	6665
11.3647	6708
11.3694	6750
11.3742	6792
11.3789	6834
11.3836	6876
11.3883	6917
11.393	6958
11.3978	6999
11.4025	7040
11.4072	7080
11.4119	7120
11.4166	7160
11.4214	7200
11.4261	7239
11.4308	7278
11.4355	7317
11.4402	7356
11.445	7395
11.4497	7433
11.4544	7471
11.4591	7509
11.4638	7547
11.4686	7585
11.4733	7622
11.478	7659
11.4827	7696
11.4874	7733
11.4922	7770
11.4969	7806
11.5016	7842
11.5063	7878
11.511	7914
11.5158	7950
11.5205	7986
11.5252	8021
11.5299	8056
11.5346	8091
11.5394	8126
11.5441	8161
11.5488	8196
11.5535	8231
11.5582	8265
11.563	8299
11.5677	8333
11.5724	8367
11.5771	8401
11.5818	8435
11.5866	8469
11.5913	8502
11.596	8535
11.6007	8568
11.6054	8601
11.6102	8634
11.6149	8667
11.6244	3752
11.6644	3828
11.6692	3903
11.6739	3976
11.6786	4048
11.6833	4118
11.688	4187
11.6928	4255
11.6975	4322
11.7022	4388
11.7069	4453
11.7116	4517
11.7164	4580
11.7211	4642
11.7258	4703
11.7305	4764
11.7352	4824
11.74	4883
11.7447	4941
11.7494	4999
11.7541	5056
11.7588	5112
11.7636	5168
11.7683	5223
11.773	5278
11.7777	5332
11.7824	5385
11.7872	5438
11.7919	5490
11.7966	5542
11.8013	5593
11.806	5644
11.8108	5694
11.8155	5744
11.8202	5794
11.8249	5843
11.8296	5892
11.8344	5940
11.8391	5988
11.8438	6035
11.8485	6082
11.8532	6129
11.858	6175
11.8627	6221
11.8674	6267
11.8721	6312
11.8768	6357
11.8816	6402
11.8863	6446
11.891	6490
11.8957	6534
11.9004	6577
11.9052	6620
11.9099	6663
11.9146	6706
11.9193	6748
11.924	6790
11.9288	6832
11.9335	6874
11.9382	6915
11.9429	6956
11.9476	6997
11.9524	7038
11.9571	7078
11.9618	7118
11.9665	7158
11.9712	7198
11.976	7237
11.9807	7276
11.9854	7315
11.9901	7354
11.9948	7393
11.9996	7431
12.0043	7469
12.009	7507
12.0137	7545
12.0184	7583
12.0232	7620
12.0279	7657
12.0326	7694
12.0373	7731
12.042	7768
12.0468	7804
12.0515	7840
12.0562	7876
12.0609	7912
12.0656	7948
12.0704	7984
12.0751	8019
12.0798	8054
12.0845	8089
12.0892	8124
12.094	8159
12.0987	8194
12.1034	8229
12.1081	8263
12.1128	8297
12.1176	8331
12.1223	8365
12.127	8399
12.1317	8433
12.1364	8467
12.1412	8500
12.1459	8533
12.1506	8566
12.1553	8599
12.16	8632
12.1648	8665
12.1695	8698
12.1742	8731
12.1789	8763
12.1836	8795
12.1884	8827
12.1931	8859
12.1978	8891
12.2025	8923
12.2072	8955
12.212	8987
12.2167	9018
12.2214	9049
12.2261	9080
12.2308	9111
12.2356	9142
12.2403	9173
12.245	9204
12.2497	9235
12.2544	9266
12.2592	9297
12.2639	9327
12.2686	9357
12.2733	9387
12.278	9417
12.2828	9447
12.2875	9477
12.2922	9507
12.2969	9537
12.3016	9567
12.3064	9597
12.3111	9626
12.3158	9655
12.3205	9684
12.3252	9713
12.33	9742
12.3347	9771
12.3394	9800
12.3441	9829
12.3488	9858
12.3536	9887
12.3583	9916
12.363	9944
12.3677	9972
12.3724	10000
12.3772	10028
12.3819	10056
12.3866	10084
12.3913	10112
12.396	10140
12.4008	10168
12.4055	10196
12.4102	10224
12.4149	10252
12.4196	10280
12.4244	10307
12.4291	10334
12.4338	10361
12.4385	10388
12.4432	10415
12.448	10442
12.4527	10469
12.4574	10496
12.4621	10523
12.4668	10550
12.4716	10577
12.4763	10604
12.481	10631
12.4857	10658
12.4904	10684
12.4952	10710
12.4999	10736
12.5046	10762
12.5093	10788
12.514	10814
12.5188	10840
12.5282	4824
12.5778	4883
12.5825	4941
12.5872	4999
12.5919	5056
12.5966	5112
12.6014	5168
12.6061	5223
12.6108	5278
12.6155	5332
12.6202	5385
12.625	5438
12.6297	5490
12.6344	5542
12.6391	5593
12.6438	5644
12.6486	5694
12.6533	5744
12.658	5794
12.6627	5843
12.6674	5892
12.6722	5940
12.6769	5988
12.6816	6035
12.6863	6082
12.691	6129
12.6958	6175
12.7005	6221
12.7052	6267
12.7099	6312
12.7146	6357
12.7194	6402
12.7241	6446
12.7288	6490
12.7335	6534
12.7382	6577
12.743	6620
12.7477	6663
12.7524	6706
12.7571	6748
12.7618	6790
12.7666	6832
12.7713	6874
12.776	6915
12.7807	6956
12.7854	6997
12.7902	7038
12.7949	7078
12.7996	7118
12.8043	7158
12.809	7198
12.8138	7237
12.8185	7276
12.8232	7315
12.8279	7354
12.8326	7393
12.8374	7431
12.8421	7469
12.8468	7507
12.8515	7545
12.8562	7583
12.861	7620
12.8657	7657
12.8704	7694
12.8751	7731
12.8798	7768
12.8846	7804
12.8893	7840
12.894	7876
12.8987	7912
12.9034	7948
12.9082	7984
12.9129	8019
12.9176	8054
12.9223	8089
12.927	8124
12.9318	8159
12.9365	8194
12.9412	8229
12.9459	8263
12.9506	8297
12.9554	8331
12.9601	8365
12.9648	8399
12.9695	8433
12.9742	8467
12.979	8500
12.9837	8533
12.9884	8566
12.9931	8599
12.9978	8632
13.0026	8665
13.0073	8698
13.012	8731
13.0167	8763
13.0214	8795
13.0262	8827
13.0309	8859
13.0356	8891
13.0403	8923
13.045	8955
13.0498	8987
13.0545	9018
13.0592	9049
13.0639	9080
13.0686	9111
13.0734	9142
13.0781	9173
13.0828	9204
13.0875	9235
13.0922	9266
13.097	9297
13.1017	9327
13.1064	9357
13.1111	9387
13.1158	9417
13.1206	9447
13.1253	9477
13.13	9507
13.1347	9537
13.1394	9567
13.1442	9597
13.1489	9626
13.1536	9655
13.1583	9684
13.163	9713
13.1678	9742
13.1725	9771
13.1772	9800
13.1819	9829
13.1866	9858
13.1914	9887
13.1961	9916
13.2008	9944
13.2055	9972
13.2102	10000
13.215	10028
13.2197	10056
13.2244	10084
13.2291	10112
13.2338	10140
13.2386	10168
13.2433	10196
13.248	10224
13.2527	10252
13.2574	10280
13.2622	10307
13.2669	10334
13.2716	10361
13.2763	10388
13.281	10415
13.2858	10442
13.2905	10469
13.2952	10496
13.2999	10523
13.3046	10550
13.3094	10577
13.3141	10604
13.3188	10631
13.3235	10658
13.3282	10684
13.333	10710
13.3377	10736
13.3424	10762
13.3471	10788
13.3518	10814
13.3566	10840
13.3613	10866
13.366	10892
13.3707	10918
13.3754	10944
13.3802	10970
13.3849	10996
13.3896	11022
13.3943	11048
13.399	11074
13.4038	11099
13.4085	11124
13.4132	11149
13.4179	11174
13.4226	11199
13.4274	11224
13.4321	11249
13.4368	11274
13.4415	11299
13.4462	11324
13.451	11349
13.4557	11374
13.4604	11399
13.4651	11424
13.4698	11449
13.4746	11474
13.4793	11499
13.484	11523
13.4887	11547
13.4934	11571
13.4982	11595
13.5029	11619
13.5076	11643
13.5123	11667
13.517	11691
13.5218	11715
13.5265	11739
13.5312	11763
13.5359	11787
13.5406	11811
13.5454	11835
13.5501	11859
13.5548	11883
13.5595	11907
13.5642	11931
13.569	11955
13.5737	11979
13.5784	12002
13.5831	12025
13.5878	12048
13.5926	12071
13.5973	12094
13.602	12117
13.6067	12140
13.6114	12163
13.6162	12186
13.6209	12209
13.6256	12232
13.6303	12255
13.635	12278
13.6398	12301
13.6445	12324
13.6492	12347
13.6539	12370
13.6586	12393
13.6634	12416
13.6681	12439
13.6728	12462
13.6775	12485
13.6822	12508
13.687	12530
13.6917	12552
13.6964	12574
13.7011	12596
13.7058	12618
13.7106	12640
13.7153	12662
13.72	12684
13.7247	12706
13.7294	12728
13.7342	12750
13.7389	12772
13.7436	12794
13.7483	12816
13.753	12838
13.7578	12860
13.7625	12882
13.7672	12904
13.7719	12926
13.7766	12948
13.7814	12970
13.7861	12992
13.7908	13014
13.7955	13036
13.8002	13058
13.805	13080
13.8097	13101
13.8144	13122
13.8191	13143
13.8238	13164
13.8286	13185
13.8333	13206
13.838	13227
13.8427	13248
13.8474	13269
13.8522	13290
13.8569	13311
13.8616	13332
13.8663	13353
13.871	13374
13.8758	13395
13.8829	13416
13.8876	6164
13.9489	6210
13.9536	6256
13.9584	6301
13.9631	6346
13.9678	6391
13.9725	6435
13.9772	6479
13.982	6523
13.9867	6567
13.9914	6610
13.9961	6653
14.0008	6696
14.0056	6738
14.0103	6780
14.015	6822
14.0197	6864
14.0244	6905
14.0292	6946
14.0339	6987
14.041	7028
14.0457	2948
14.0787	3045
14.0834	3139
14.0882	3230
14.0929	3318
14.0976	3404
14.1023	3488
14.107	3570
14.1118	3650
14.1165	3728
14.1212	3805
14.1259	3880
14.1306	3954
14.1354	4026
14.1401	4097
14.1448	4167
14.1495	4235
14.1542	4302
14.159	4368
14.1637	4433
14.1684	4497
14.1731	4560
14.1778	4623
14.1826	4685
14.1873	4746
14.192	4806
14.1967	4865
14.2014	4924
14.2062	4982
14.2109	5039
14.2156	5096
14.2203	5152
14.225	5207
14.2298	5262
14.2345	5316
14.2392	5370
14.2439	5423
14.2486	5475
14.2534	5527
14.2581	5578
14.2628	5629
14.2675	5680
14.2722	5730
14.277	5780
14.2817	5829
14.2864	5878
14.2911	5926
14.2958	5974
14.3006	6022
14.3053	6069
14.31	6116
14.3147	6162
14.3194	6208
14.3242	6254
14.3289	6299
14.3336	6344
14.3383	6389
14.343	6433
14.3478	6477
14.3525	6521
14.3572	6565
14.3619	6608
14.3666	6651
14.3714	6694
14.3761	6736
14.3808	6778
14.3855	6820
14.3902	6862
14.395	6903
14.3997	6944
14.4044	6985
14.4091	7026
14.4138	7066
14.4186	7106
14.4233	7146
14.428	7186
14.4327	7225
14.4374	7264
14.4422	7303
14.4469	7342
14.4516	7381
14.4563	7419
14.461	7457
14.4658	7495
14.4705	7533
14.4752	7571
14.4799	7608
14.4846	7645
14.4894	7682
14.4941	7719
14.4988	7756
14.5035	7793
14.5082	7829
14.513	7865
14.5177	7901
14.5224	7937
14.5271	7973
14.5318	8009
14.5366	8044
14.5413	8079
14.546	8114
14.5507	8149
14.5554	8184
14.5602	8219
14.5649	8253
14.5696	8287
14.5743	8321
14.579	8355
14.5838	8389
14.5885	8423
14.5932	8457
14.5979	8490
14.6026	8523
14.6074	8556
14.6121	8589
14.6168	8622
14.6215	8655
14.6262	8688
14.631	8721
14.6357	8753
14.6404	8785
14.6451	8817
14.6498	8849
14.6546	8881
14.6593	8913
14.664	8945
14.6687	8977
14.6734	9009
14.6782	9040
14.6829	9071
14.6876	9102
14.6923	9133
14.697	9164
14.7018	9195
14.7065	9226
14.7112	9257
14.7159	9288
14.7206	9318
14.7254	9348
14.7301	9378
14.7348	9408
14.7395	9438
14.7442	9468
14.749	9498
14.7537	9528
14.7584	9558
14.7631	9588
14.7678	9617
14.7726	9646
14.7773	9675
14.782	9704
14.7867	9733
14.7914	9762
14.7962	9791
14.8009	9820
14.8056	9849
14.8103	9878
14.815	9907
14.8198	9935
14.8245	9963
14.8292	9991
14.8339	10019
14.8386	10047
14.8434	10075
14.8481	10103
14.8528	10131
14.8575	10159
14.8622	10187
14.867	10215
14.8717	10243
14.8764	10271
14.8811	10298
14.8858	10325
14.8906	10352
14.8953	10379
14.9	10406
14.9047	10433
14.9094	10460
14.9142	10487
14.9189	10514
14.9236	10541
14.9283	10568
14.933	10595
14.9378	10622
14.9425	10649
14.9472	10675
14.9519	10701
14.9566	10727
14.9614	10753
14.9661	10779
14.9708	10805
14.9755	10831
14.9802	10857
14.985	10883
14.9897	10909
14.9944	10935
14.9991	10961
15.0038	10987
15.0086	11013
15.0133	11039
15.018	11065
15.0227	11090
15.0274	11115
15.0322	11140
15.0369	11165
15.0416	11190
15.0463	11215
15.051	11240
15.0558	11265
15.0605	11290
15.0652	11315
15.0699	11340
15.0746	11365
15.0794	11390
15.0841	11415
15.0888	11440
15.0935	11465
15.0982	11490
15.103	11515
15.1077	11539
15.1124	11563
15.1171	11587
15.1218	11611
15.1266	11635
15.1313	11659
15.136	11683
15.1407	11707
15.1454	11731
15.1502	11755
15.1549	11779
15.1596	11803
15.1643	11827
15.169	11851
15.1738	11875
15.1785	11899
15.1832	11923
15.1879	11947
15.1926	11971
15.1974	11994
15.2021	12017
15.2068	12040
15.2115	12063
15.2162	12086
15.221	12109
15.2257	12132
15.2304	12155
15.2351	12178
15.2398	12201
15.2446	12224
15.2493	12247
15.254	12270
15.2587	12293
15.2634	12316
15.2682	12339
15.2729	12362
15.2776	12385
15.2823	12408
15.287	12431
15.2918	12454
15.2965	12477
15.3012	12500
15.3059	12522
15.3106	12544
15.3154	12566
15.3201	12588
15.3248	12610
15.3295	12632
15.3342	12654
15.339	12676
15.3437	12698
15.3484	12720
15.3531	12742
15.3578	12764
15.3626	12786
15.3673	12808
15.372	12830
15.3767	12852
15.3814	12874
15.3862	12896
15.3909	12918
15.3956	12940
15.4003	12962
15.405	12984
15.4098	13006
15.4145	13028
15.4192	13050
15.4239	13072
15.4286	13093
15.4334	13114
15.4381	13135
15.4428	13156
15.4475	13177
15.4522	13198
15.457	13219
15.4617	13240
15.4664	13261
15.4711	13282
15.4758	13303
15.4806	13324
15.4853	13345
15.49	13366
15.4947	13387
15.4994	13408
15.5042	13429
15.5089	13450
15.5136	13471
15.5183	13492
15.523	13513
15.5278	13534
15.5325	13555
15.5372	13576
15.5419	13597
15.5466	13618
15.5514	13639
15.5561	13660
15.5608	13681
15.5655	13701
15.5702	13721
15.575	13741
15.5797	13761
15.5844	13781
15.5891	13801
15.5938	13821
15.5986	13841
15.6033	13861
15.608	13881
15.6127	13901
15.6174	13921
15.6222	13941
15.6269	13961
15.6316	13981
15.6363	14001
15.641	14021
15.6458	14041
15.6505	14061
15.6552	14081
15.6599	14101
15.6646	14121
15.6694	14141
15.6741	14161
15.6788	14181
15.6835	14201
15.6882	14221
15.693	14241
15.6977	14261
15.7024	14281
15.7071	14301
15.7118	14321
15.7166	14341
15.7213	14361
15.726	14381
15.7307	14400
15.7354	14419
15.7402	14438
15.7449	14457
15.7496	14476
15.7543	14495
15.759	14514
15.7638	14533
15.7685	14552
15.7732	14571
15.7779	14590
15.7826	14609
15.7874	14628
15.7921	14647
15.7968	14666
15.8015	14685
15.8062	14704
15.811	14723
15.8157	14742
15.8204	14761
15.8251	14780
15.8298	14799
15.8346	14818
15.8393	14837
15.844	14856
15.8487	14875
15.8534	14894
15.8582	14913
15.8629	14932
15.8676	14951
15.8723	14970
15.877	14989
15.8818	15008
15.8865	15027
15.8912	15046
15.8959	15065
15.9006	15084
15.9054	15103
15.9101	15122
15.9148	15140
15.9195	15158
15.9242	15176
15.929	15194
15.9337	15212
15.9384	15230
15.9431	15248
15.9478	15266
15.9526	15284
15.9573	15302
15.962	15320
15.9667	15338
15.9714	15356
15.9762	15374
15.9809	15392
15.9856	15410
15.9903	15428
15.995	15446
15.9998	15464
16.0045	15482
16.0092	15500
16.0139	15518
16.0186	15536
16.0234	15554
16.0281	15572
16.0328	15590
16.0375	15608
16.0422	15626
16.0494	15644
16.0541	7236
16.1248	7275
16.1296	7314
16.1343	7353
16.139	7392
16.1437	7430
16.1484	7468
16.1532	7506
16.1579	7544
16.1626	7582
16.1673	7619
16.172	7656
16.1768	7693
16.1815	7730
16.1862	7767
16.1909	7803
16.1956	7839
16.2004	7875
16.2051	7911
16.2098	7947
16.2145	7983
16.2192	8018
16.224	8053
16.2287	8088
16.2334	8123
16.2381	8158
16.2428	8193
16.2476	8228
16.2523	8262
16.257	8296
16.2617	8330
16.2664	8364
16.2712	8398
16.2759	8432
16.2806	8466
16.2853	8499
16.29	8532
16.2948	8565
16.2995	8598
16.3042	8631
16.3089	8664
16.3136	8697
16.3184	8730
16.3231	8762
16.3278	8794
16.3325	8826
16.3372	8858
16.342	8890
16.3467	8922
16.3514	8954
16.3561	8986
16.3608	9017
16.3656	9048
16.3703	9079
16.375	9110
16.3797	9141
16.3844	9172
16.3892	9203
16.3939	9234
16.3986	9265
16.4033	9296
16.408	9326
16.4128	9356
16.4175	9386
16.4222	9416
16.4269	9446
16.4316	9476
16.4364	9506
16.4411	9536
16.4458	9566
16.4505	9596
16.4552	9625
16.46	9654
16.4647	9683
16.4694	9712
16.4741	9741
16.4788	9770
16.4836	9799
16.4883	9828
16.493	9857
16.4977	9886
16.5024	9915
16.5072	9943
16.5119	9971
16.5166	9999
16.5213	10027
16.526	10055
16.5308	10083
16.5355	10111
16.5402	10139
16.5449	10167
16.552	10195
16.5568	4556
16.6039	4619
16.6086	4681
16.6134	4742
16.6181	4802
16.6228	4861
16.6275	4920
16.6322	4978
16.637	5035
16.6417	5092
16.6464	5148
16.6511	5203
16.6558	5258
16.6606	5312
16.6653	5366
16.67	5419
16.6747	5472
16.6794	5524
16.6842	5576
16.6889	5627
16.6936	5678
16.6983	5728
16.703	5778
16.7078	5827
16.7125	5876
16.7172	5924
16.7219	5972
16.7266	6020
16.7314	6067
16.7361	6114
16.7408	6160
16.7455	6206
16.7502	6252
16.755	6297
16.7597	6342
16.7644	6387
16.7691	6431
16.7738	6475
16.7786	6519
16.7833	6563
16.788	6606
16.7927	6649
16.7974	6692
16.8022	6734
16.8069	6776
16.8116	6818
16.8163	6860
16.821	6901
16.8258	6942
16.8305	6983
16.8352	7024
16.8399	7064
16.8446	7104
16.8494	7144
16.8541	7184
16.8588	7223
16.8635	7262
16.8682	7301
16.873	7340
16.8777	7379
16.8824	7417
16.8871	7455
16.8918	7493
16.8966	7531
16.9013	7569
16.906	7606
16.9107	7643
16.9154	7680
16.9202	7717
16.9249	7754
16.9296	7791
16.9343	7827
16.939	7863
16.9438	7899
16.9485	7935
16.9532	7971
16.9579	8007
16.9626	8042
16.9674	8077
16.9721	8112
16.9768	8147
16.9815	8182
16.9862	8217
16.991	8251
16.9957	8285
17.0004	8319
17.0051	8353
17.0098	8387
17.0146	8421
17.0193	8455
17.024	8488
17.0287	8521
17.0334	8554
17.0382	8587
17.0429	8620
17.0476	8653
17.0523	8686
17.057	8719
17.0618	8751
17.0665	8783
17.0712	8815
17.0759	8847
17.0806	8879
17.0854	8911
17.0901	8943
17.0948	8975
17.0995	9007
17.1042	9038
17.109	9069
17.1137	9100
17.1184	9131
17.1231	9162
17.1278	9193
17.1326	9224
17.1373	9255
17.142	9286
17.1467	9316
17.1514	9346
17.1562	9376
17.1609	9406
17.1656	9436
17.1703	9466
17.175	9496
17.1798	9526
17.1845	9556
17.1892	9586
17.1939	9615
17.1986	9644
17.2034	9673
17.2081	9702
17.2128	9731
17.2199	9760
17.2246	4288
17.2694	4355
17.2742	4420
17.2789	4484
17.2836	4548
17.2883	4611
17.293	4673
17.2978	4734
17.3025	4794
17.3072	4853
17.3119	4912
17.3166	4970
17.3214	5027
17.3261	5084
17.3308	5140
17.3355	5195
17.3402	5250
17.345	5304
17.3497	5358
17.3544	5411
17.3591	5464
17.3638	5516
17.3686	5568
17.3733	5619
17.378	5670
17.3827	5720
17.3874	5770
17.3922	5819
17.3969	5868
17.4016	5916
17.4063	5964
17.411	6012
17.4158	6059
17.4205	6106
17.4252	6153
17.4299	6199
17.4346	6245
17.4394	6291
17.4441	6336
17.4488	6381
17.4535	6426
17.4582	6470
17.463	6514
17.4677	6558
17.4724	6601
17.4771	6644
17.4818	6687
17.4866	6729
17.4913	6771
17.496	6813
17.5007	6855
17.5054	6896
17.5102	6937
17.5149	6978
17.5196	7019
17.5243	7059
17.529	7099
17.5338	7139
17.5385	7179
17.5432	7219
17.5479	7258
17.5526	7297
17.5574	7336
17.5621	7375
17.5668	7413
17.5715	7451
17.5762	7489
17.581	7527
17.5857	7565
17.5904	7602
17.5951	7639
17.5998	7676
17.6046	7713
17.6093	7750
17.614	7787
17.6187	7823
17.6234	7859
17.6282	7895
17.6329	7931
17.6376	7967
17.6423	8003
17.647	8038
17.6518	8073
17.6565	8108
17.6612	8143
17.6659	8178
17.6706	8213
17.6754	8247
17.6801	8281
17.6848	8315
17.6895	8349
17.6942	8383
17.699	8417
17.7037	8451
17.7084	8484
17.7131	8517
17.7178	8550
17.7226	8583
17.7273	8616
17.732	8649
17.7367	8682
17.7414	8715
17.7462	8747
17.7509	8779
17.7556	8811
17.7603	8843
17.765	8875
17.7698	8907
17.7745	8939
17.7792	8971
17.7839	9003
17.7886	9034
17.7934	9065
17.7981	9096
17.8028	9127
17.8075	9158
17.8122	9189
17.817	9220
17.8217	9251
17.8264	9282
17.8311	9312
17.8358	9342
17.8406	9372
17.8453	9402
17.85	9432
17.8547	9462
17.8594	9492
17.8642	9522
17.8689	9552
17.8736	9582
17.8783	9611
17.883	9640
17.8878	9669
17.8925	9698
17.8972	9727
17.9019	9756
17.9066	9785
17.9114	9814
17.9161	9843
17.9208	9872
17.9255	9901
17.9302	9930
17.935	9958
17.9397	9986
17.9444	10014
17.9491	10042
17.9538	10070
17.9586	10098
17.9633	10126
17.968	10154
17.9727	10182
17.9774	10210
17.9822	10238
17.9869	10266
17.9916	10293
17.9963	10320
18.001	10347
18.0058	10374
18.0105	10401
18.0152	10428
18.0199	10455
18.0246	10482
18.0294	10509
18.0341	10536
18.0436	4556
18.0907	4619
18.0954	4681
18.1002	4742
18.1049	4802
18.1096	4861
18.1143	4920
18.119	4978
18.1238	5035
18.1285	5092
18.1332	5148
18.1379	5203
18.145	5258
18.1498	1876
18.1748	2029
18.1834	2170
18.192	2302
18.1967	2426
18.2029	2544
18.2077	2656
18.2139	2764
18.2186	2867
18.2248	2967
18.2295	3063
18.2342	3156
18.239	3247
18.2437	3335
18.2484	3421
18.2531	3504
18.2578	3585
18.2626	3665
18.2673	3743
18.272	3819
18.2767	3894
18.2814	3967
18.2862	4039
18.2909	4110
18.2956	4179
18.3003	4247
18.305	4314
18.3098	4380
18.3145	4445
18.3192	4509
18.3239	4572
18.3286	4634
18.3334	4695
18.3381	4756
18.3428	4816
18.3475	4875
18.3522	4933
18.357	4991
18.3617	5048
18.3664	5104
18.3711	5160
18.3758	5215
18.3806	5270
18.3853	5324
18.39	5377
18.3947	5430
18.3994	5482
18.4042	5534
18.4089	5585
18.4136	5636
18.4183	5686
18.423	5736
18.4278	5786
18.4325	5835
18.4372	5884
18.4419	5932
18.4466	5980
18.4514	6028
18.4561	6075
18.4608	6122
18.4703	2412
18.4986	2531
18.5033	2644
18.5095	2752
18.5205	1072
18.5385	1340
18.5494	1554
18.5604	1738
18.5713	1903
18.5799	2053
18.5884	2192
18.597	2323
18.6017	2446
18.608	2563
18.6127	2675
18.6189	2782
18.6236	2885
18.6298	2984
18.6346	3080
18.6393	3173
18.644	3263
18.6487	3351
18.6534	3436
18.6582	3519
18.6629	3600
18.6676	3679
18.6723	3757
18.677	3833
18.6818	3907
18.6865	3980
18.6912	4052
18.6959	4122
18.7006	4191
18.7054	4259
18.7125	4326
18.7172	1608
18.7399	1786
18.7485	1946
18.7571	2093
18.7656	2230
18.7742	2358
18.7789	2479
18.7852	2594
18.7899	2704
18.7961	2810
18.8008	2912
18.8079	3010
18.8126	1072
18.8322	1340
18.8431	1554
18.8541	1738
18.865	1903
18.8736	2053
18.8822	2192
18.8907	2323
18.8954	2446
18.9017	2563
18.9064	2675
18.9126	2782
18.9173	2885
18.9235	2984
18.9283	3080
18.933	3173
18.9377	3263
18.9424	3351
18.9471	3436
18.9519	3519
18.9566	3600
18.9613	3679
18.966	3757
18.9707	3833
18.9755	3907
18.9802	3980
18.9849	4052
18.9896	4122
18.9943	4191
18.9991	4259
19.0038	4326
19.0085	4392
19.0132	4457
19.0179	4521
19.0227	4584
19.0274	4646
